numJobs = 30; 
invlimit = 90.0; 
profit = [66.6099231055562, 42.3249704883022, 47.1153734912895, 11.5796150436764, 52.8054554184247, 9.92074649488902, 54.6636448047029, 16.2987414584748, 19.3852333995875, 44.0763202370844, 57.4558465093039, 45.8100903482895, 27.4394667640348, 56.8259991539422, 11.8997775596267, 9.17304584172846, 53.4174696888892, 48.428167478349, 63.2026539004689, 23.780253461585, 36.4450096710321, 43.6577317203857, 21.9430706660497, 63.0900083114479, 58.0439325176607, 2.85728873940492, 49.7970694164692, 15.2646118753485, 3.40322247280532, 49.26160517914]; 
ptime = [14.8147248673676, 16.0945584982465, 18.8632461535924, 10.9936110253488, 13.5021627580125, 14.958661266958, 22.1185940554914, 10.865168908778, 11.7717220106044, 21.4968866762284, 19.4407804118955, 21.3489904764479, 7.01552478977993, 13.355851929044, 15.6353723814359, 14.8182860187706, 18.011265687228, 12.2119353619184, 17.251146552834, 12.7973156223679, 18.0109840359111, 10.1198201895212, 6.43893081854798, 16.5463967159944, 21.3464350077495, 8.75301790315363, 17.477329916009, 9.23681264101171, 7.64906588520606, 15.3599850183294]; 
jsize = [17.7576318486962, 13.576454712649, 13.6253953932324, 15.1861191703894, 10.2067380242935, 17.2169244452592, 12.3110351373876, 16.297761578494, 10.0304654396778, 19.7229447624132, 15.9889727769753, 16.2528500001428, 14.4351205766538, 15.646339023846, 11.0302959065264, 10.190370349521, 18.0133101137149, 11.7808524518233, 17.1468584301143, 16.9643806315702, 16.7790665640648, 10.2762800318509, 19.9672820907566, 19.1460291282865, 15.1857645905127, 10.9506745598983, 16.9042813200721, 12.546336155521, 18.6559483662918, 10.4029558070346]; 
invcost = [17.645900342524, 7.99309953836847, 4.83112749008182, 5.00853823803721, 22.4767438273352, 1.4707678921682, 11.6178853536594, 4.92667954294485, 6.05536333616637, 17.7535703930895, 11.8189002275972, 19.9353828027033, 13.1336498661747, 22.3392269126778, 3.21994291844689, 1.85042448925364, 7.03467677812495, 24.0059136570208, 29.5813265767835, 8.02094158601776, 18.0033758777933, 9.23180559724941, 7.96598288983275, 8.48092527260168, 25.450603350425, 0.362713598699237, 14.9216014490856, 1.5527376553145, 1.05265446982092, 12.3514716463714]; 
A = [348.929970940227, 170.252552191623, 183.798825522466, 296.91844266773, 225.498979419466, 272.140450619039, 137.62437539346, 237.451085431149, 324.183019188489, 205.259028771548, 138.672514495344, 140.269175676087, 359.350412431035, 109.784976863048, 308.667008007096, 230.333515746092, 276.356474482445, 276.74927266598, 235.685908363635, 362.098724736432, 330.782431278635, 324.864942985013, 116.271002830037, 356.631850923061, 337.078493046328, 128.249495720072, 330.994765260815, 213.529204292436, 282.704278841428, 317.806527920375]; 
B = [363.117809614176, 188.031136710317, 192.948938480926, 336.126791359171, 252.522995594637, 304.198327860684, 164.245391248493, 240.487106251735, 336.850359251441, 238.092566443125, 155.364912253078, 153.604514066721, 366.546874535552, 134.277509821519, 323.706041390611, 270.071969224661, 311.351127269046, 295.57585094749, 255.111689536968, 363.551871416214, 368.043052970366, 357.684954394806, 151.838566329409, 381.062999407389, 348.290646110589, 159.919391970642, 355.217047302272, 222.185800183404, 314.369686953778, 352.695808247262];
