numJobs = 30; 
invlimit = 90.0; 
profit = [22.3785065147412, 69.6925286462984, 61.5550545488748, 30.1915758089119, 49.7834144529311, 8.82618114195, 28.2246802579445, 40.5495129092541, 30.5127425102005, 28.0545249427274, 80.7695989215974, 23.0099711011151, 4.49355084052823, 31.5265289591003, 6.23501302857778, 4.38048894056225, 49.2835386841836, 41.2331876363036, 24.746298558222, 12.3650754556735, 17.5830435236301, 16.1601444797297, 93.825835611289, 58.2975276272855, 52.5512010935603, 80.3329323585062, 69.1017990693932, 50.1763178742001, 7.32808175976728, 11.6800403619959]; 
ptime = [9.8041646545414, 20.9827591455094, 17.9967353239232, 7.30030391736565, 12.2090793429516, 5.58952025482002, 16.2564095055694, 18.3178802049606, 18.3155723643657, 9.30934226414341, 24.1646703191518, 10.0014472319591, 6.58299410359335, 11.921586840895, 10.7315943729767, 13.6295999643569, 14.426623643121, 13.5548875932874, 7.41611123453794, 14.8225799783356, 7.0572479791954, 14.1528896258184, 21.9773180694295, 14.0014022659803, 18.8398659701055, 19.9987349407774, 19.7517445376762, 21.4348591955288, 7.30574963312708, 8.70399635245841]; 
jsize = [19.4738651523329, 14.5308479308981, 10.9209533507881, 18.8671373771817, 13.0811176839518, 15.8767840511784, 14.4977424592094, 11.8140494762715, 14.9486787685053, 17.2074931492114, 12.3289833172929, 13.9956397920867, 16.4781945535784, 14.492929336728, 19.685578856929, 11.2967602281163, 18.2168017184625, 19.2547197456912, 16.4705559274725, 15.8262439948349, 12.2625600695369, 19.4440398310101, 13.5445498311559, 18.2907981626396, 12.5404297714796, 15.658154381952, 12.818394767345, 10.6449268691578, 11.5467980458531, 15.8580085738465]; 
invcost = [4.21239155706177, 23.3578511270581, 24.4173291004847, 10.7961015503615, 19.9322098961942, 2.99064340853825, 7.42776078244655, 5.64909205080128, 11.6932298110699, 13.2952313887712, 14.2948650608971, 10.5700868534375, 1.97946175729125, 12.7953206668741, 3.01307714051893, 2.00235656483255, 22.565307591622, 17.7227063083847, 9.56896052471425, 1.46757035824512, 8.77174345680266, 2.56796398035716, 36.0422001632382, 12.1182092089939, 20.2399004252478, 37.6076741612496, 10.8380033464699, 16.090489804564, 2.99390843091633, 1.23023783019382]; 
A = [254.652037904504, 307.984594190916, 94.6212123550598, 264.983621923263, 104.249168056858, 348.525690582989, 96.1684481532745, 300.349529814594, 135.957696469051, 325.797388175661, 134.68704800787, 310.671566182048, 179.296297592797, 330.157775744826, 192.449600535722, 266.068630125477, 92.5553010111505, 326.149819214931, 278.866764671042, 116.092389362253, 100.924555857067, 273.939924991634, 226.245269608056, 141.100249326397, 334.770626091585, 228.802370417577, 90.6235910410406, 94.7196795903275, 330.615397143088, 135.000269189068]; 
B = [285.27532632291, 342.651829175213, 126.394712092161, 279.501340672376, 140.663865310604, 366.710549166002, 99.8919444342102, 316.273658539506, 145.556612546101, 350.070121016297, 168.317087190051, 347.544759681761, 182.705087187318, 342.317728660237, 230.543719665246, 271.156061062628, 125.935123788431, 332.56712499263, 315.091998208121, 128.359141360764, 128.457183922543, 296.658661264542, 229.765333969739, 153.545303654617, 345.198224012066, 249.270263119554, 115.314274585523, 123.706706503292, 347.216582922604, 170.494233673171];
