numJobs = 30; 
invlimit = 90.0; 
profit = [18.9526272801324, 23.6771446540628, 105.531401649722, 15.1727124444061, 59.116820348344, 9.68778547247298, 39.7306257303402, 1.51782155840321, 70.8211434107167, 4.25352254442836, 99.5029503368231, 40.5212781038765, 29.0152315839209, 63.6240239815356, 23.7865063857277, 30.6372860037068, 89.9008299032089, 33.9609290551545, 77.1003232252211, 61.4942771698691, 77.2731820729317, 57.5737633204994, 41.7895176898537, 27.9204291645759, 67.5286830638076, 39.3077758472482, 71.1952539238723, 27.1862643904393, 3.37472038637233, 46.3243312320448]; 
ptime = [7.08021185941595, 6.76514694408791, 23.1232932725513, 7.35740172594532, 12.083505174482, 6.73031740724341, 8.89364185818967, 6.01077992943227, 23.2187135669079, 12.8325658004306, 20.5779533443993, 15.3436195674387, 8.5176666029704, 18.2670768704237, 14.5709735464252, 15.7297678904693, 24.5026990126059, 12.4823489527674, 15.4542786734916, 19.6773765340978, 16.7788100719277, 15.2525897551756, 8.70938208295291, 16.5636550095618, 22.7588379793189, 20.6803165039903, 20.8027205892239, 9.91423198347721, 10.3318707541833, 11.975230918132]; 
jsize = [16.6724649307526, 18.8780567717224, 11.3074407412831, 17.9474820555705, 12.8244858332927, 10.2850593111221, 13.4336128681541, 14.9899144302214, 16.7062614676575, 16.7240924526139, 14.9722349365758, 13.8948117709484, 14.2461144640086, 18.2278748933758, 18.7511020750319, 15.843094390806, 17.9642610120224, 18.5352956966706, 11.3841753334146, 11.433995463364, 17.8631813953438, 11.4951603596017, 16.1744188576098, 10.4444771942259, 14.3576642943546, 11.6423261576419, 15.970814056395, 12.9972423856054, 11.1455611063953, 16.5016691323848]; 
invcost = [2.57414685597308, 4.24738546168507, 20.8613537680152, 7.19338557710113, 7.50021046500243, 4.70011710837239, 5.19594085673119, 0.160473335869068, 21.5300665134569, 0.983964810510952, 31.6804038471057, 4.80475187365221, 8.7187637508456, 27.5715965143843, 4.69711368999827, 3.12084289690255, 31.8261956947731, 5.46057665034212, 33.868055901118, 9.24955767177799, 19.1224808394857, 18.532055812978, 19.915936839344, 5.4611639152422, 31.4069745230868, 14.0237061693594, 19.7551327290852, 13.4763435271671, 0.732804873091269, 9.65478924044611]; 
A = [354.510233216012, 312.908839320301, 341.716348712531, 107.710969426975, 360.36083508942, 105.143153266616, 169.525954340018, 160.189285998438, 160.176052973401, 316.892397886905, 373.121940841814, 195.888048794991, 247.471458912389, 274.699213528075, 231.171210832583, 268.82932609853, 334.779196227293, 207.524509103614, 94.9580865299045, 101.05598001756, 295.169437894388, 320.251083587127, 324.251875450952, 298.270466575584, 188.778006340006, 192.573729083371, 306.368040564487, 349.777440277899, 294.815044795157, 273.316089209346]; 
B = [358.102600499433, 324.059608295, 343.196410542543, 122.429902012531, 380.429085612043, 106.191292624038, 180.804626734513, 174.736360339971, 166.765960077573, 327.273894505862, 384.808038992986, 231.450953483831, 278.956623517517, 297.004978215168, 234.645710601701, 278.539097695905, 350.187770124872, 215.381902903236, 123.694445662124, 115.293397381774, 321.961459398186, 340.226880936295, 354.70151779365, 330.378293264549, 198.215092632301, 194.143052241031, 310.385091614021, 372.438654815534, 310.994100578145, 301.487227728091];
