numJobs = 30; 
invlimit = 90.0; 
profit = [37.9153323377696, 30.1558894810812, 52.8938422723392, 46.0463980812186, 44.590647200518, 67.498581313615, 28.4842911601299, 19.0888650357661, 14.8800047897958, 25.4785454274585, 37.6439737946588, 46.4940789242534, 52.8850520567715, 96.2428791293869, 17.4427056114866, 10.7287208028798, 53.0243485428821, 68.9721848224101, 22.3025996963986, 41.9657472349105, 86.0783420182191, 26.0876278249748, 9.34473423747911, 26.4582925858106, 82.7173276210908, 23.6472751130729, 50.7819943045261, 10.4527647621821, 73.7801497517816, 22.9859062086803]; 
ptime = [15.5590603439342, 6.89564884760854, 16.8653141242862, 17.854832667311, 18.1226513175976, 13.5717001551629, 8.42720834131536, 18.4285950977378, 24.5792663248316, 13.5401829444349, 11.2093837883518, 11.828486041567, 14.115393697999, 24.1325994019978, 14.4570980966546, 18.2258663063488, 18.6425344153689, 19.5466367469182, 7.06935353431071, 9.66445372854048, 23.2803200519876, 9.49996705292483, 7.9176452643034, 7.2669337799951, 22.6750953685227, 11.1516780600632, 16.6046939707624, 12.2271304418348, 19.9208208713797, 13.0495779976194]; 
jsize = [13.6424240571678, 14.5359456178977, 14.1298510145597, 19.0438020817164, 17.9529481062564, 10.0841251560685, 12.2030014860082, 11.2079271318136, 12.038954415434, 16.7801537781941, 12.6144851647715, 19.8965382895201, 19.2482231066724, 19.3399268051103, 17.5253787394809, 11.465412227895, 12.4710415881323, 13.1517988294936, 16.5282420296684, 19.3420169600088, 11.3142270236894, 11.1401493800307, 10.6186454827973, 16.9998792599461, 16.0737343013683, 12.4718673628219, 10.358901543262, 18.1609502281438, 13.8369055965185, 16.2103682044494]; 
invcost = [4.57491353325516, 4.02679108252383, 7.18238084655785, 22.6744770351589, 7.79521133344554, 26.3250066779149, 4.40868738412944, 4.94044981615525, 3.98511407921408, 7.70565761060424, 10.5575601649078, 17.520621584025, 14.9865556914521, 34.7316808343314, 2.71739377846474, 2.37587457765439, 21.8408232455577, 24.0343385711909, 10.3988916087123, 14.9923600786937, 42.5996926244081, 4.82930582196968, 3.69372796413716, 2.67313767241995, 28.2984101404545, 6.21639456169039, 5.79729355107408, 1.12834221554246, 35.4601421093631, 9.23340555260975]; 
A = [270.76245845672, 213.044272281711, 121.486227889878, 306.565218626267, 341.500303421518, 315.61932054546, 254.736282388433, 313.256749593179, 218.72354461995, 161.112391095944, 341.344989940651, 194.08472181836, 137.889311644499, 363.312808425254, 114.423332361339, 147.641663874426, 132.347043708421, 350.485226829061, 122.380039886075, 319.107571641513, 144.420871534704, 340.84647407565, 203.238935388118, 252.323826024738, 167.747944266021, 169.18804962531, 290.073675855949, 179.307838683944, 101.503840057533, 97.1145961982216]; 
B = [287.112862212906, 251.911917781218, 138.317456563859, 338.262138916605, 344.085311460923, 320.779631501115, 263.325836475574, 348.104627991053, 241.473823142517, 181.559828325284, 378.969291992399, 194.75393965694, 143.230076815605, 387.925560625271, 148.376854901875, 160.519333288801, 160.98899994496, 381.335317441639, 152.25279418457, 321.361417327725, 170.329781377734, 371.057943841635, 227.047401347483, 263.879193303039, 201.429857317266, 193.219913046272, 307.118553026633, 203.005497460483, 128.630465219379, 130.373570530959];
