numJobs = 30; 
invlimit = 90.0; 
profit = [41.9074285213598, 27.7514266241586, 54.1132313341441, 103.296294474911, 45.2316974787071, 14.9196300818695, 43.5111964775352, 63.9464227831838, 91.8858439303119, 44.2267356339542, 18.7487549494706, 13.3249664991171, 101.966225339183, 62.0609630642501, 12.8579114318615, 47.6105347197891, 37.8454536282101, 9.19249871836163, 93.3648759506077, 30.4153387419918, 16.1427980509133, 47.169826418999, 47.7865208156779, 15.8144506625018, 51.2530776807956, 8.05641374986609, 28.518122140883, 98.6617579545122, 96.6497018382089, 20.3818095440917]; 
ptime = [22.9389652024211, 17.7483241986554, 15.8688093785258, 23.8758011553576, 11.7714916407672, 15.8362583716626, 23.1758598792636, 15.2342525014704, 18.4941693515817, 20.4682291182577, 7.23320547381722, 24.2488714818605, 24.775234088203, 22.4015582111795, 8.68202664448136, 19.5892829106256, 16.6898762690211, 24.2179693072718, 18.8496078877509, 10.21980077332, 16.0719287268132, 17.1532801855969, 19.2623110436645, 8.86218780787683, 11.1650166295417, 24.3322427329288, 23.009413667376, 22.6350993529548, 23.9415201676017, 7.54899512482601]; 
jsize = [10.1600772359993, 11.8432550440001, 12.002955849631, 18.7254791132538, 15.4066344758242, 18.7864111734678, 16.8968161599269, 12.5429516160318, 17.3641703777117, 18.6627643382837, 19.1662156294995, 12.7794949769403, 14.2349376661758, 13.6995850529982, 11.1639307482615, 16.1722818014253, 12.5375640410774, 19.8581214901342, 18.9156962557025, 19.0214572042414, 12.0419708575944, 14.7152198015902, 11.9185140081866, 11.1144260282281, 17.7728558841774, 17.1155806424461, 10.5406587847559, 19.771468218186, 17.9958358698123, 18.8614218954884]; 
invcost = [14.2343499947681, 7.04176340513376, 8.55183015148553, 14.7270493035777, 16.2047762067635, 2.80033542431298, 12.5214739789237, 27.0224487294556, 20.0956529913898, 9.80926761714379, 8.8358847788667, 1.83450864125063, 45.3853237014809, 23.982387965782, 2.6457030700151, 18.4133732433942, 18.3176428922634, 2.10262831895005, 43.3100056146634, 13.0301939908461, 7.53296913198329, 22.6614093720931, 13.2976413522727, 2.61522584728566, 20.1421218429826, 1.54550651357232, 9.52532841416963, 44.0216960175164, 27.0403551293915, 3.86426515500254]; 
A = [245.670678509597, 117.956946690555, 289.67280423201, 298.960157916187, 301.956206674643, 360.122625929938, 166.161060382487, 371.931135779438, 337.803224199933, 307.408391058388, 154.080840248107, 324.100540555398, 200.796448196089, 206.613976120977, 213.572897278862, 233.347922393531, 275.236530060536, 157.731004407339, 335.063964229458, 285.231185089737, 212.481069726712, 125.503413466137, 216.487632032836, 128.279943866588, 172.48375535004, 259.527741769157, 97.243725624591, 314.865870502727, 224.35108512465, 193.487545175603]; 
B = [247.108326511107, 132.12057260461, 294.669312561783, 329.923154230389, 309.606312328398, 383.89966531643, 177.243593894605, 384.945647427801, 370.937442390792, 326.395578304359, 191.393096916419, 333.565505873072, 230.370344111627, 226.632005529524, 231.624016170896, 268.9598472331, 313.862714780019, 177.329501291583, 352.997513841253, 286.229455961636, 216.394676685947, 150.574550145054, 247.864859585332, 157.914744392872, 181.247685263202, 264.165653968192, 130.704618909303, 315.450131965307, 263.633693902578, 198.68155059259];
