numJobs = 30; 
invlimit = 90.0; 
profit = [62.1725347200152, 114.744480637711, 30.5617865980804, 78.2138088111921, 55.1216085177923, 84.2639433313618, 26.8667691754322, 7.91263080145218, 92.330248792778, 55.4406378746173, 66.4607667032936, 86.0127947632021, 18.8997481719538, 27.7194802407346, 43.1319621477852, 100.548471534946, 57.8652172588549, 12.154793905993, 13.1951143475295, 119.98020589449, 56.2759846857766, 18.7623084349623, 24.7684266835277, 45.6003340641199, 38.6654135727896, 24.8845091688081, 25.059582235711, 49.8827327665129, 14.9339673284705, 71.5921278080661]; 
ptime = [21.2698741486011, 23.7044600938299, 10.0044551544073, 17.3606431356483, 16.9585852528433, 24.187012099139, 6.03503873207739, 5.53049791384087, 22.9912789376927, 16.6260555405469, 18.8328823041086, 21.6771458747488, 8.952142908474, 8.00492179137143, 23.2679461430796, 23.991943458473, 11.8678165561289, 16.9258364526273, 9.26776207690436, 24.2379785724792, 14.7702617298762, 10.6349085140733, 9.72828137848853, 22.2321222308227, 11.3903147266052, 16.9822400770117, 8.57053979835645, 12.2885110477156, 24.7413985294565, 20.5725119595092]; 
jsize = [12.4654537874757, 10.5483001037781, 18.2396069211792, 13.6407399089161, 15.6851711150379, 12.9760461392796, 12.79496589778, 11.0813131269354, 17.349529051431, 12.800370307612, 19.1283604465076, 14.3800517090071, 11.9304855518396, 15.4137299746888, 15.5729437304686, 12.9707821422337, 13.5201607445854, 11.5507508719264, 11.1243543071084, 12.8141540700819, 12.1666553314018, 19.6756021356186, 17.2238233440498, 17.5452562353336, 14.5720148423037, 10.2823164887469, 10.4338648156, 13.5769921221119, 16.4587749983625, 18.7513420574178]; 
invcost = [21.6989525470164, 38.0394484823728, 10.3750471705077, 23.2253395320921, 23.040123942308, 27.3627752131914, 3.11100231875127, 2.23376669027292, 38.4988726562683, 26.4920226808796, 11.98098169336, 28.8065708200128, 7.12331296403514, 5.95036342637245, 10.8913070179121, 11.478250187821, 25.8302906185264, 2.03844752277455, 4.62248583172726, 35.869734137068, 10.9443817624317, 3.97113715299167, 6.06375522971911, 10.9152180522509, 18.8630679297603, 4.40961976323568, 8.0629928825449, 23.1313204112365, 4.58536285190002, 12.7756945760918]; 
A = [614.997017001939, 461.453249552447, 595.652949970391, 563.798622599135, 496.962788655261, 543.744743009668, 653.685610969356, 505.210942829441, 453.580573258807, 511.117002412408, 584.080435187605, 516.040439653718, 651.861997285691, 597.678513877098, 626.959045400992, 649.469562821496, 598.130420983577, 462.342837204946, 593.194117774853, 560.087605266702, 582.683521478582, 591.814977177552, 696.73157121244, 708.982546275829, 675.131129850803, 668.833330964616, 667.187286939096, 661.97109211202, 612.975939807375, 624.534811188967]; 
B = [616.101112485372, 467.882261101428, 625.334709355769, 582.613199735354, 520.224764421434, 546.7184347834, 663.967754225497, 528.213143759296, 456.560300675324, 523.364556146523, 617.996722935624, 537.181380334546, 654.199422797673, 611.182313066547, 634.704073466108, 676.644691934635, 607.170890188489, 470.155082013489, 606.500483462616, 577.155516386202, 612.346222547218, 616.169494439496, 699.413789389817, 733.953911484249, 709.668567455911, 697.286277143924, 672.085927555413, 669.183839585428, 640.771244300428, 657.2209692792];
