numJobs = 30; 
invlimit = 90.0; 
profit = [53.0527547587777, 103.593239920348, 97.3553262298343, 21.0526453046294, 73.0316695716586, 14.6086264426421, 9.71200855458336, 69.0663475753343, 57.9277929537835, 12.7312623937004, 13.6661186565312, 48.907260621165, 7.21090208420113, 26.2384389417942, 36.7091505955945, 41.473175367764, 83.2291171424836, 120.702074238772, 49.1480360927735, 44.4095685279694, 42.6257985964662, 7.9927165185415, 11.8230359418976, 21.2324334231384, 5.18157834135858, 32.129140550242, 60.3194462052752, 23.9788056411218, 3.5948275162017, 52.5431767534157]; 
ptime = [12.9915522516824, 21.5691534292849, 21.5998880916775, 6.83097039249031, 14.7550039155334, 18.440611547172, 9.68122850764493, 22.1336358232251, 16.6276164855679, 5.25914869766494, 5.04289926403372, 15.6046046410193, 11.1273305751049, 18.7491995596854, 17.5312549783222, 22.8657731178132, 17.7780399722741, 24.4012027866788, 24.2642523973648, 9.93491471966367, 22.3813881355503, 12.5249115106462, 23.440927034181, 8.61556332064485, 22.2321615483223, 7.56449685267538, 17.0438504770102, 14.7326504337745, 11.1445073716614, 22.4700463524236]; 
jsize = [18.7675664196012, 18.699790778705, 13.886255751882, 14.5344814430192, 13.4522531886859, 13.1226439577851, 17.5044252705374, 15.3575068663111, 10.2741591552488, 12.687608830428, 12.9541424410063, 17.581736552789, 18.9175349684803, 15.361696504494, 16.753517464364, 11.1887304767831, 12.6323861609067, 12.9453654509319, 16.6067019302405, 13.8328770620264, 15.0752730208743, 14.1909710399838, 15.1328581724306, 11.1675286265147, 17.6417377017249, 19.3774867143419, 14.9512518601727, 12.6007746402199, 16.9945731148316, 18.4397658317132]; 
invcost = [19.144319532455, 40.7387988625331, 40.8616160327831, 4.45455929803179, 23.2200383475476, 5.02858883999264, 3.93184429379789, 19.8563647384727, 17.4483541886163, 2.19120783483762, 3.67156208732068, 16.943691370712, 3.40937652825491, 12.540238937783, 15.0417843217313, 17.0512611497948, 10.8034745167872, 12.3304036022289, 17.6605984529035, 7.29916436864005, 21.0819848066022, 1.91515299151412, 4.43191434422823, 3.64266898376822, 0.98174223368353, 10.1075602803964, 26.9592045715789, 11.5336486315349, 0.43294247346729, 20.9756178709837]; 
A = [664.087068856643, 481.24488467703, 638.94579034457, 639.072364690362, 702.178816282129, 663.356620119818, 522.178173355406, 517.273502945071, 684.258436956515, 650.186852967165, 579.157024467948, 540.147233359198, 553.029484522418, 636.611338089867, 669.462968052511, 675.252741476846, 663.606171858577, 592.177504748153, 639.53509451993, 546.782231924762, 509.998169385269, 584.313155733488, 602.353894308694, 509.793876026608, 686.199037131104, 551.637966655548, 501.372082005474, 646.713602479704, 688.168685386877, 536.212444215937]; 
B = [698.562453924301, 520.593977883183, 653.020529146941, 652.686786861428, 731.805732151443, 671.312367004827, 539.625416978814, 524.408863421601, 687.496496192968, 681.369806955457, 615.8923657087, 550.357090329924, 556.141780356329, 664.538905268072, 681.407922827723, 712.168280965171, 700.53538932152, 604.789417950601, 647.187545861705, 554.54576475177, 513.997860405617, 622.337423551345, 622.681678984253, 519.617519903005, 708.460770667583, 560.708173341673, 528.566605152115, 655.895608733574, 713.035651841579, 553.69635067277];
