numJobs = 30; 
invlimit = 90.0; 
profit = [89.3224019931844, 22.3834647482496, 60.093399733068, 121.684733093108, 42.2154907666323, 70.7791753516682, 36.0554799722277, 17.5203537620961, 28.8309439162163, 24.5434163497674, 5.74267810387366, 37.9020854054273, 11.4728552880204, 6.79844036309399, 28.351626356011, 83.8817585977337, 70.3885410937975, 40.0207850027318, 37.3981846606624, 91.8567995896387, 30.2754949769737, 24.1919675919583, 13.7234615237609, 39.2289171393133, 86.0150748752057, 33.6970871950621, 101.358615914637, 11.1635455659335, 32.2782098270246, 52.6003424774967]; 
ptime = [18.2704561086558, 8.43159355845917, 13.7975089951708, 24.4405856459421, 18.0480891526091, 15.4135290806548, 10.7740792085838, 16.2699408232791, 9.20153098283068, 7.0346590134237, 23.4328289785952, 8.80295296379325, 7.049561495867, 6.58429209824919, 18.9023204460578, 24.5423103302153, 17.7755931398528, 14.3326595734387, 15.2986215496742, 22.3553154551326, 8.20646521828975, 19.280198508618, 10.8808331118946, 11.8087405149196, 19.7827839853111, 14.9940421210938, 22.2176862952089, 10.6835609120674, 6.53606532184638, 20.9682407124068]; 
jsize = [17.1850056476559, 10.0829317121923, 13.0883437638422, 17.8910757946351, 14.1597258114591, 14.5899462545425, 15.1157281603046, 16.4491607146651, 17.5299145067287, 11.6031600911337, 13.0054431107155, 17.5875566322445, 18.4145828252776, 13.0549425321106, 12.8735148425236, 14.9746737391486, 10.4111004446945, 13.0620438548789, 15.4490689835001, 13.084230548249, 12.0736318695146, 17.4958907647781, 13.3414102545519, 14.590298387318, 19.5107548487641, 12.1169733140765, 17.2069359729412, 13.7896820389122, 16.7397010391932, 10.2284067702117]; 
invcost = [10.6370399784307, 9.37354435245041, 20.7513797932546, 47.875059877758, 11.7843012320067, 12.4653357478573, 12.3960369364773, 8.20900880883917, 7.11902296988309, 6.35421982326207, 1.9085057804371, 8.71271278779252, 2.8271325879034, 2.06103186436585, 13.3340833030622, 39.9988319303902, 10.9743026005008, 18.0924351443622, 9.46005507525659, 36.2256456567304, 9.55201919125527, 11.8691177605753, 1.47507107360295, 16.3858155911389, 42.5693782626838, 14.8499204278318, 16.52688812713, 1.61998669474666, 8.70203625395256, 7.88082836095717]; 
A = [716.706899764097, 708.635371613846, 669.351725260561, 593.992013506689, 476.52729980016, 530.564674943574, 696.210245764488, 484.908963172172, 698.019381772209, 647.962031687811, 620.598863439206, 549.024215911611, 662.056685630697, 629.678233470878, 576.612724661274, 497.493282844032, 476.844477135659, 665.418277798427, 695.41895922674, 691.416371686033, 564.072391589959, 644.536893441807, 706.88980036864, 599.096867465982, 520.753377241877, 590.59736878707, 492.508300463505, 625.46102809273, 592.335087581417, 736.680142842802]; 
B = [739.032709057276, 737.791230236818, 695.576890212194, 628.896581325118, 482.797466773794, 533.346090918356, 720.544975119968, 514.585496680497, 715.104581832039, 660.992195240246, 644.221416890344, 567.537091602445, 701.395089333778, 660.878244986879, 610.261483928965, 528.341368092604, 487.867906830835, 673.669174407622, 701.037549295533, 720.734962048459, 571.447489878739, 652.291957869259, 716.200900187273, 621.783277344516, 542.248549489257, 616.854748586225, 512.211625791842, 662.325493136837, 606.605840988326, 748.385789335557];
