numJobs = 30; 
invlimit = 90.0; 
profit = [22.0363385935471, 18.7740503271655, 21.4695911169196, 43.9056890542387, 42.895646761559, 32.5563666966704, 55.6151957827647, 84.7827671655104, 19.0781511996137, 13.7574052728571, 74.7248350100552, 9.33173556063725, 22.5848570960793, 8.16517337650973, 37.8736366816226, 31.8624414731463, 51.1476325307654, 90.0723105552984, 9.93877785884893, 49.2961665007854, 10.200876843739, 24.6935229322229, 10.5132521679946, 11.0451502095443, 89.7700342763454, 44.0568805367222, 34.6901603476481, 24.1396643990616, 90.0505908521368, 82.4193698020712]; 
ptime = [7.1522736646401, 6.43629919846186, 5.16937944966331, 11.9973404832777, 15.1095852154887, 21.9101831209919, 22.7062487042468, 20.8978722337806, 22.5022882696238, 19.1835449957006, 14.9726892882478, 6.59244101896545, 14.3839391601079, 10.822401995311, 13.6440775074231, 6.75913681450488, 13.8803264067974, 23.1816652207116, 9.30423005669092, 12.8587999102424, 24.2912092651495, 7.10927312482087, 8.94667908366341, 12.2580661051183, 22.5329757930316, 16.8906183970728, 12.4334192408121, 23.0916520300971, 23.089258928858, 23.1996661086154]; 
jsize = [13.7505304365861, 13.8461623053546, 17.6171711762413, 15.522780680909, 14.7154074836492, 10.6839883792708, 12.7046812593467, 15.2842491207781, 18.8177217995547, 11.6441727164063, 18.4898074737727, 14.795957320438, 19.0120033224595, 10.3043943711492, 14.4316073992558, 19.2544763622186, 10.6488899253772, 17.0126554806936, 16.6215830457962, 16.1332737774049, 12.0506909724973, 19.2719084945795, 19.34063357756, 15.5135475635768, 13.2498355912786, 19.7776002265908, 13.4357324702641, 11.6143986826317, 15.2840240479827, 11.4274586224392]; 
invcost = [7.55503356897254, 6.4487432931002, 3.95991829318136, 11.2252518893838, 13.6140265137709, 8.24747483512606, 17.5168039956519, 36.5641216237588, 4.23211409850739, 3.56005849317959, 28.775155645705, 4.17505881476239, 10.1376786617205, 1.47339634415532, 9.66309835860395, 12.390556141248, 6.71498603644809, 29.2944286897741, 4.71834600876619, 17.6558057808164, 4.76910169061569, 8.36967800698707, 3.94751360374099, 1.67062220854513, 35.5209889705256, 10.4659161284088, 14.291232651495, 5.36083133004104, 42.3366865742922, 11.2821408353336]; 
A = [605.251909930451, 457.934297516923, 552.0753926727, 713.791632752143, 574.989299623342, 454.695997158455, 487.387569020278, 708.438669323991, 695.411771815676, 467.786308874512, 513.562774100232, 584.290729468767, 707.465263657547, 611.613609601127, 482.646908007432, 569.935314371907, 673.354035973206, 586.344001443832, 678.579503193959, 455.756580331527, 548.605967118187, 600.316486837978, 653.715656366738, 493.940595774386, 626.726055243347, 697.520293260378, 705.217316839106, 548.631078232358, 574.42267121312, 686.168999962687]; 
B = [614.766971477044, 471.568691757637, 561.635488450674, 746.576292032068, 608.706134097665, 467.665823062745, 508.281162478741, 736.087518670283, 720.007777338932, 485.95657992892, 546.841627583922, 599.120259702528, 730.210268746968, 647.303132643567, 511.119503081771, 595.792603655629, 687.904289392615, 591.270742588892, 707.046277054366, 482.750953610209, 560.581573168608, 620.117755294372, 655.214380928305, 522.73752314263, 634.453830725702, 712.308012959033, 728.491185565274, 570.996850052439, 601.471891271691, 697.871059803859];
