numJobs = 30; 
invlimit = 90.0; 
profit = [32.7265839292468, 87.7542562714105, 3.41941403494389, 9.42907441390009, 14.1629747369503, 8.76825633553265, 81.5107565807057, 54.3834051460668, 53.5701698555177, 31.3973722367765, 35.1333259327052, 92.5884949914625, 39.7855320730183, 44.435507401288, 9.5165973817839, 19.9768312909322, 40.255458185688, 9.54743494270535, 30.9061475802269, 4.09858011797203, 79.1434841596626, 8.04500128851645, 52.3641222344283, 50.9414290341768, 48.413395878087, 53.3880081046079, 39.0388678938589, 7.56599966547732, 64.3780478159389, 53.1514571772366]; 
ptime = [8.02323542229554, 23.412703023744, 8.88214953628287, 5.81856054888746, 10.6470472749282, 8.70264483806369, 24.2524782938911, 15.9846054123365, 23.318750845117, 14.220882366336, 17.4902462801938, 21.3825395621808, 15.7120206600345, 13.0298639807359, 9.4849921599555, 5.39742162815666, 15.9621016342352, 7.08096972489638, 8.07992483437097, 18.870596127115, 21.7539630870094, 7.74883752259458, 24.2829145404742, 18.0680539991405, 13.7888359728625, 12.9010489670778, 13.0108100117953, 22.5246283872613, 21.2068174642723, 19.5800462561222]; 
jsize = [16.3805783237221, 18.8721451523188, 10.4678369165845, 12.7630000804271, 14.1318514421722, 11.1279125418502, 14.821311045392, 12.026362159257, 13.7718260676922, 17.5490144605155, 11.9734156188423, 16.1133464525947, 19.848237326511, 17.9115994402983, 10.1074975107425, 13.1127859579721, 19.1448324848602, 16.1765111710164, 13.053457818877, 16.7152391657907, 11.7523783100702, 13.2302146727378, 12.3025542947939, 11.5491573905668, 13.5894609075936, 18.1228027766233, 15.1290100288552, 19.9900690856839, 14.1508147153929, 12.9591061504489]; 
invcost = [15.5428221438041, 39.1494312180183, 1.30720996670721, 3.47468204623865, 3.01876988762886, 1.90929904286304, 16.8454066950263, 20.6331678099429, 12.3617888384957, 6.69561697662315, 14.7462960602641, 9.29745919955518, 8.61959317423498, 13.6268907942206, 4.30787421059473, 5.40696289306231, 10.8466121788387, 2.53989056460683, 7.68507169496252, 0.611609870050597, 16.8966449881053, 3.99994016713752, 19.8197748717419, 12.9906673002179, 11.1024891357998, 5.41152554183782, 16.790984248037, 2.69636696064808, 18.0104968279507, 10.1243120448275]; 
A = [490.164504606521, 635.762358821724, 450.020850402096, 598.486722392644, 709.000199879065, 476.668134261005, 624.405931344675, 680.531003237139, 505.555620072563, 700.854064180008, 575.243461436473, 676.721818832582, 529.141924140306, 708.636444975915, 499.087986962718, 512.027968786763, 518.171804719063, 546.69351718947, 519.565211779606, 632.57681306797, 633.697713515259, 658.530163236948, 595.728497568788, 698.552399200432, 488.304212110398, 639.560073390473, 621.32910009297, 663.746428001512, 658.318869540073, 644.963838006872]; 
B = [490.544665723419, 652.305624973091, 485.08130819941, 610.385938314063, 733.682208763921, 488.55987222216, 638.518722896323, 702.221638913058, 508.612252124387, 704.943952129421, 588.121852476804, 680.060640467433, 550.840693135894, 730.709069254962, 537.570322574088, 518.354537640743, 527.781849163143, 564.674015320543, 540.983770964801, 657.445143964472, 652.154586079423, 684.652002493151, 599.683072909791, 720.896350495731, 516.620793518498, 667.351340948493, 657.475842143698, 692.880555275487, 682.770301652783, 682.929671773849];
