numJobs = 30; 
invlimit = 90.0; 
profit = [18.7553266437131, 6.01041249901143, 69.1872241845265, 70.2335000961823, 30.6036036567953, 8.12676242350556, 21.1627850602515, 83.5276386340222, 22.7864052505534, 33.8457695911668, 28.4689038067446, 54.2227497987027, 63.2870591983301, 75.6393993884422, 18.3892330259879, 5.88770466487385, 30.9920757254263, 8.53080603531206, 28.3930310954976, 29.9400609151566, 18.8235361883708, 98.4898677145506, 47.3882683020359, 6.24436811859505, 88.653210644445, 19.0398860466872, 22.8148746810338, 20.4903837949539, 98.6111637612492, 43.4921318882676]; 
ptime = [13.9140302684958, 12.8412227538189, 19.1913607177861, 17.8580395434942, 9.14249972737509, 15.5228356429307, 7.34469820361236, 19.1189063051739, 20.0006013481821, 7.56979431173255, 9.92079692996793, 17.4165181939433, 18.0816470299985, 23.1805377174564, 22.2484285933815, 9.34241879753241, 7.63085339424738, 10.6934781720765, 17.1315175654554, 19.8135707030234, 6.63227565759841, 24.9085225270349, 19.2985608274977, 5.71844357194233, 18.5664615125866, 16.269430776775, 23.913802510061, 6.72681080967586, 19.9912018356232, 20.2962253047932]; 
jsize = [12.6319157305542, 17.251128440029, 10.6122910380975, 15.0521458445642, 18.6996675497511, 17.442488119118, 16.1789229430465, 10.1600605146236, 19.1750475444568, 11.6131186666171, 14.8889918247115, 12.9144162317057, 15.8464356981639, 14.0100463094787, 16.0311592337265, 13.1203490847497, 14.5431469442035, 17.4441098077841, 18.0175888305364, 14.7841411170381, 18.7796079475277, 17.7290292627403, 17.4963260507472, 19.9407620086568, 18.5791990360064, 13.0593827841192, 18.8250035574857, 10.0427417489149, 12.1753608590856, 12.1755824844479]; 
invcost = [3.8264777242054, 2.29439389372881, 14.1142582334183, 20.6748553094734, 12.7316082324867, 0.971038351714775, 2.69418875721543, 34.4036699172036, 6.56288968483606, 12.2235491931006, 7.08280629802291, 23.1867289653954, 26.7760296299641, 32.404335073054, 4.571369874587, 1.70614783588259, 12.5856694948853, 3.86793855880273, 7.54276244905373, 2.99996766755359, 7.49648638037409, 10.3617007792221, 20.9559476875824, 1.16151452624287, 38.4188690409228, 9.34167203619444, 9.37931519669281, 4.36212517147334, 30.1845822925116, 11.0227322870693]; 
A = [499.064627733277, 666.11168641809, 690.182058047924, 523.171652529268, 609.478538307338, 583.334172018632, 631.349591569521, 505.045045563742, 682.382888870041, 571.479173734493, 652.216547786278, 702.660693148911, 544.05135431531, 617.985478289739, 532.960983893121, 534.184862105194, 586.755090672523, 619.234706500558, 639.865429758076, 471.336938717579, 477.06257244655, 588.086600877719, 666.697358644489, 690.043830824498, 719.617319960849, 687.043897097629, 514.36692802552, 632.820215751055, 624.781296861779, 635.408125726852]; 
B = [532.525808525274, 694.909852140078, 696.001595604618, 548.938079256265, 629.704925623106, 613.881536659695, 653.279075256855, 518.360508339769, 694.967088568765, 599.903387976404, 690.015652775748, 714.990378882093, 557.223465836556, 657.270094503327, 562.564273738014, 549.970031159542, 586.841648123324, 641.683903604889, 669.445618458613, 493.520027241083, 489.544707293054, 610.107379408999, 676.500702090217, 711.090445491629, 730.971162510122, 702.194116089688, 529.259431955268, 670.097238934441, 635.624321179314, 666.600948049523];
