numJobs = 30; 
invlimit = 90.0; 
profit = [10.6989062694145, 32.8832279937529, 20.086847607214, 30.2076435111777, 34.4336401153851, 36.7298077943722, 28.3756322118576, 5.33936984139589, 30.2920310612628, 41.6962890090898, 96.8059527238576, 117.355208944451, 2.10365016282539, 22.6097517671472, 43.3923070516559, 64.7561292230129, 14.5977521061633, 55.4969035733333, 13.2356670192069, 52.3671503688912, 22.756644717581, 20.0030421731551, 15.9950688402431, 28.2621646657596, 51.5592360099351, 29.7108120270717, 6.13079312173468, 22.2847609186532, 99.1279536928566, 46.0310750668767]; 
ptime = [6.96114931151382, 12.1264356450505, 8.50355121627389, 10.5762162290376, 12.2436465592787, 24.9658188997938, 11.7686596748379, 7.42852109196644, 6.8256239375439, 11.3253502855174, 23.1601503029619, 24.0361706934803, 8.81542961686411, 9.74904506093731, 9.98480710390062, 21.3540484890296, 13.379049149277, 21.8443959550915, 24.1642128433477, 19.9407151229325, 5.27335543107436, 6.02542230925053, 24.6280848708494, 5.95762826306021, 12.6666353212705, 15.4900406538997, 6.22587494015026, 21.6983188709104, 23.6789114131268, 15.8324721902134]; 
jsize = [18.5507507354144, 18.898857199263, 15.2893979970415, 12.0434291112494, 11.276956889851, 12.1195832759518, 19.1957616139687, 13.3163526562663, 14.5267960255593, 19.4091374054053, 15.4585043199896, 10.6134176486991, 12.9943949012532, 10.5048690493833, 11.7834303981737, 10.7831672516776, 11.4124049243022, 11.6003462421648, 11.0857646613079, 12.4308384506043, 18.1307319854874, 18.0631601385926, 14.6003730513989, 18.1425159403006, 14.9039229587361, 16.3691234612305, 15.1170103224761, 12.8279358247329, 13.7889217460378, 14.6032849778252]; 
invcost = [2.81812947890322, 8.56638515661728, 5.58736245790692, 7.81883517761551, 15.6340313478839, 9.81829030388208, 10.647291014593, 2.33575001524517, 9.97924111897403, 12.0732545092787, 26.4319714487311, 25.901892035615, 0.40172057377444, 7.44022774134987, 5.90505378341645, 28.2139507786637, 6.74827821450381, 17.720082274426, 4.25941249167136, 7.80820903765488, 2.37863826769262, 9.09840746779448, 5.46275429402285, 13.1542009623249, 12.0920836449716, 8.6321498307433, 0.851536304197864, 9.75652505853686, 16.1235278605136, 19.1033544150127]; 
A = [753.961461574096, 579.301150094003, 973.434000767482, 661.588979137096, 692.867925721293, 743.198322525794, 360.033864077574, 718.30777770888, 354.267489054744, 883.677006365822, 397.860509712657, 350.301021816994, 165.478698078608, 856.780591346956, 786.293070934102, 196.521142144654, 317.991927346212, 93.4609331901384, 830.071803221709, 237.124278830102, 898.672322635172, 951.286882017388, 675.956414430871, 602.158958255382, 457.386030091428, 611.119731324394, 427.447441279712, 697.602028875565, 652.627987715051, 848.523152033974]; 
B = [774.826998508213, 594.642914292182, 985.189713042834, 670.15105041316, 729.032677335911, 776.843843108348, 393.902381090726, 723.662677747429, 381.671739862627, 909.106672479268, 407.65300949632, 378.332899562257, 178.282903393576, 859.417062662936, 824.349030096979, 224.485186554903, 319.253150919507, 107.352781803057, 843.541948681819, 256.296867401488, 902.885801348765, 977.035652164655, 685.104445792065, 635.009425222501, 479.310945173851, 629.436198775072, 450.424636012969, 717.754041225023, 690.54017854433, 887.63769424095];
