numJobs = 30; 
invlimit = 90.0; 
profit = [11.2938027730499, 23.3606173807557, 67.2146137829849, 20.453406690836, 19.572999734278, 14.9562250146442, 22.1510864704533, 17.8727310274202, 30.5794654632616, 79.2346334404264, 21.6271337158921, 4.12254773952789, 3.64143567062865, 22.693739817657, 12.4621886033002, 22.4591266850909, 52.301953377316, 38.4142325339403, 31.2433049178201, 81.2159316564758, 33.0167182927315, 107.451191049696, 13.3837366390353, 26.9893908808819, 73.3378987293669, 8.20761272055975, 22.1074556848571, 17.3399619210598, 20.2113539248243, 57.1120119707866]; 
ptime = [18.1764963795669, 19.0455731536299, 15.0171228815878, 11.0424707217011, 23.9004053321688, 16.7469816998904, 9.18733841504766, 11.2321176982988, 7.4734937614575, 21.473769527017, 16.4213390140012, 12.108177559036, 7.42439660335842, 14.7866404253483, 18.1336749532434, 8.06211396238442, 19.0182738260304, 17.150936848829, 12.9027645454689, 16.3725130554644, 11.0441904654546, 21.9985277136557, 16.6312441786095, 15.4690895496314, 15.0381974050804, 9.3899716030677, 7.70651078831976, 6.98937404901368, 18.7908249085999, 19.04546833036]; 
jsize = [11.4412706557781, 12.4233826673591, 11.7718500658569, 19.9842962694855, 17.5527672630775, 12.9013920464717, 16.4779439307779, 14.4969893425445, 18.2750881805213, 13.3964942728953, 17.3215104360909, 15.2533547765718, 13.7723887215883, 12.6495932201636, 12.6426293439742, 17.2091776757567, 19.530892768289, 18.0780033928411, 16.5373348734185, 10.1734692386748, 10.911895534947, 16.9647381684614, 19.3799423457885, 15.2890583626952, 14.4225959601617, 10.6306563259147, 19.4371606985708, 17.6886560515747, 15.143118083755, 10.4730480973099]; 
invcost = [2.12786524227363, 9.42261248842022, 33.5112652779451, 7.04666968385464, 9.02539042857125, 3.662895766643, 2.68917437754043, 4.94155787246472, 9.16428769928694, 31.9913413918328, 4.79045435991384, 1.49359765309415, 1.62801911446792, 9.95131910598486, 3.22295060998642, 4.54540050347961, 6.83512020147733, 15.0100356068278, 6.07489995348483, 12.3791972629633, 5.74832110913125, 30.7057854031981, 1.45066469482809, 13.1930801506943, 20.1725053903887, 1.87940107496522, 6.39680044751868, 5.66581127457494, 6.31764642457534, 25.4664582910739]; 
A = [508.288777957871, 791.451687794688, 227.990908147085, 663.595802316732, 404.680893384976, 837.563950071717, 784.915058776178, 686.3182170397, 149.260891580899, 872.370645617719, 505.599841928538, 549.459149045295, 399.582832794973, 662.491587665882, 776.297197511648, 518.248564247841, 878.400268908483, 879.274005157943, 350.953684000111, 493.623784204551, 740.720078652911, 218.154984211803, 891.905686932478, 459.344471131931, 694.004269437822, 628.835762493912, 155.73048285777, 695.242875106034, 614.403452066107, 736.543969204481]; 
B = [521.078338908933, 822.093093769038, 266.890239083242, 674.648535406748, 422.822559945156, 870.158453611518, 798.102075352197, 710.314968144301, 172.283985958936, 880.471809609652, 506.969801815051, 555.292414965318, 421.675646932315, 692.396826693368, 793.956564085696, 535.927793562096, 884.829674300188, 880.893283840641, 375.59990689194, 506.663412918088, 765.11530775294, 221.814012223448, 931.561590405936, 472.450678551405, 718.343547561328, 658.263368506015, 157.985326768701, 734.229185491604, 643.208231767162, 764.318261167166];
