numJobs = 30; 
invlimit = 90.0; 
profit = [41.9663921479531, 9.43137439159128, 12.4365199738606, 66.7145419305566, 31.9289544202865, 60.8144276498793, 23.9496681015752, 29.9850265886719, 73.7140767119392, 36.0659579752841, 94.9411351160035, 73.6512086972986, 56.6669458930087, 17.8719108063075, 15.4159961795881, 6.3709354155585, 22.0018232775271, 8.51586293021635, 46.6233506436368, 11.3425304215754, 31.7103011488289, 20.930402704517, 17.9239479723076, 69.8792711445261, 46.6727436770312, 117.644318723191, 50.0249160603153, 25.3884652359834, 65.4570588956269, 36.1614573647912]; 
ptime = [21.1952780566395, 14.0304318510441, 6.23656672972271, 15.0437320279088, 19.2823994416866, 13.4213298627457, 15.8784211481547, 9.994867349508, 24.16588282228, 7.95650780127382, 21.6723952481635, 19.3131840285115, 17.9839251420841, 9.38764490243506, 9.59154767782736, 17.5314037891059, 14.9836191584936, 5.28631555007954, 14.5321699505364, 22.7789790943111, 13.5203893518516, 9.88090444970227, 5.19760088966585, 18.5702478934625, 11.7094030120937, 23.6848387153444, 11.0660887148911, 18.9969226597663, 15.4475457451745, 8.99769982368426]; 
jsize = [13.9870417230087, 17.0719182535238, 14.6982639890221, 10.1498673224889, 16.1303745815765, 13.3586144240874, 10.4807171655502, 13.3599419905696, 15.8834546224215, 17.5380791596244, 15.3097981284438, 11.8870650646097, 13.9875619391773, 16.5983301901199, 14.9531817213235, 16.9966285294865, 16.2856833830962, 17.6935697792625, 16.7486494118343, 13.5971026660224, 12.2255853548684, 10.2248757910412, 13.990185931008, 11.6057101295728, 16.4497912191697, 14.0386761371847, 14.3930147758382, 17.450405665538, 16.7554809726347, 10.2713674623188]; 
invcost = [5.61604755580399, 1.31023687310843, 1.27140347627289, 13.2999136565428, 14.3767740550984, 8.9136882162559, 4.892858963684, 7.99476114786381, 34.352419075799, 10.7973733363204, 29.7352069827052, 26.5020545241283, 23.2128925276459, 5.70791702168808, 6.89380544300915, 2.51890209527597, 5.14379420797793, 3.06860424801553, 19.3933449889334, 1.35816826550431, 11.3683148242371, 6.71047447420832, 2.40830451061149, 18.1295927205598, 12.0383359197416, 54.2440703137293, 5.07316046577408, 12.3102256603971, 25.0853775733057, 6.89943868590145]; 
A = [610.243252729552, 769.382452195764, 791.762856518889, 328.906184670497, 240.143241531579, 624.198711148916, 426.575075573847, 841.353511026877, 199.897963732976, 469.346036382153, 616.834677489144, 914.061348923503, 391.327221915337, 825.184167774626, 961.374053544446, 772.071211769932, 302.187710172391, 262.16048972829, 124.34996715657, 589.471247084274, 163.683986364153, 629.491446766453, 982.211744333303, 459.83089958589, 201.204323402342, 155.406962315176, 287.581760472989, 947.192211258493, 815.97373971416, 833.474881617027]; 
B = [647.513444012473, 802.47259295857, 828.707828951394, 368.01053406267, 245.423584957106, 648.056237680534, 430.332339708621, 850.317636390954, 216.024983536601, 497.545131677813, 631.75666591394, 952.405776099546, 415.845784128866, 842.408089381029, 979.517525695389, 801.962153223171, 305.070737746626, 274.044456753685, 159.891455771594, 615.897794436171, 172.557952745673, 639.619862263508, 989.757977522325, 483.911859735167, 217.632219353108, 159.094816959524, 316.452423098486, 982.497497883455, 836.581320916488, 839.31771757998];
