numJobs = 30; 
invlimit = 90.0; 
profit = [26.8484656853431, 39.3637079651834, 55.9076148894588, 100.854185220378, 72.9999887143948, 22.0906389109331, 5.04135323882859, 102.217260296733, 15.8714184509003, 67.0136758485899, 4.32085318626037, 40.3714410575113, 17.0125288189764, 93.9689160146669, 6.16166476086442, 18.5014768997023, 24.7565156385651, 9.26924779139523, 23.7780189174069, 11.4949619657611, 13.5439382941024, 46.1288744480484, 22.8726612692919, 28.2597167330255, 51.759215206067, 14.5134124233954, 9.58807650910291, 21.0285828948014, 52.8860850278173, 35.719350116728]; 
ptime = [17.2274243224303, 11.2053899567504, 14.7206355520814, 21.8053420284089, 16.0144135825197, 8.0470296498768, 23.7856505168064, 20.7458320448462, 8.2582350598078, 19.1416439981509, 20.9465686115999, 20.6538593815737, 9.6923856230227, 24.872884109047, 18.6375512188888, 13.2932165571786, 5.7020580912075, 15.7243915592058, 16.9972920634513, 6.23838739819839, 5.14921834753722, 17.263766305012, 8.22224022932185, 9.24403557128811, 21.4724399478224, 5.30558011312657, 13.2212677093022, 20.3578131558967, 11.3471464144806, 7.27576625474321]; 
jsize = [19.2397951102488, 10.8097719959639, 13.9136936326881, 12.5799533989818, 14.899209737971, 17.3153562581751, 15.2477859283863, 18.8405632952476, 16.6005907926846, 16.4080658655224, 15.9910085091042, 14.111481916789, 16.6990150367834, 13.1414582818032, 14.7609702719556, 16.1108219180857, 16.3257509525394, 19.4672347622933, 16.0871267581124, 11.6637157148948, 17.6216677555132, 12.7920203976356, 18.7046097146053, 12.3267650254938, 13.4242765061754, 18.6476439145404, 16.9253513582242, 14.8706633035554, 14.5459300034149, 18.7792482578319]; 
invcost = [9.18252544422598, 7.12553413401797, 26.0120666148994, 22.9153981613673, 25.2197109817866, 6.39792749295026, 1.00627762927254, 51.0537827353307, 3.46882648463418, 29.7285652418573, 2.04872456964368, 17.2425744157612, 7.3657165203448, 42.2833578891997, 2.71478460977784, 6.27558079538365, 4.48641070910064, 1.14798080445389, 8.9824895922809, 1.6586973793845, 6.33943562906079, 15.0136016843769, 6.86696248767493, 7.94767128688971, 19.8369778049297, 6.40767389161837, 1.93948377991515, 8.9341281940357, 22.0090001237326, 12.2869913558749]; 
A = [458.311350968604, 119.786391772221, 146.244249511753, 599.196483289448, 952.937301025194, 793.824992244924, 710.846414561929, 909.751645966811, 777.687273272242, 763.576591531459, 802.007410459687, 483.599805936299, 648.345373298923, 146.378237426468, 612.438600142639, 847.650319450289, 893.372488445638, 287.056144594319, 300.748335971455, 846.980240795013, 601.243711487313, 147.946486517787, 246.064636476199, 170.397098747119, 589.784632142875, 204.198690354456, 520.679585436812, 806.912015177504, 598.407843839017, 673.794904416129]; 
B = [478.72583830766, 145.332033332559, 177.929789570724, 628.738557114912, 970.19308394196, 816.811629572123, 715.606696460933, 928.248336159102, 785.321507474063, 796.119894669387, 840.653560797929, 489.443542669787, 680.239800189555, 172.495264548482, 650.455278805885, 872.229292957451, 920.183378912344, 326.384661891002, 333.914439694721, 882.098193531232, 614.47382540836, 151.857630779974, 257.549437000307, 202.921351909806, 627.426391168173, 242.089947186109, 554.267314874455, 827.596961515822, 619.035381479052, 708.89424060266];
