numJobs = 30; 
invlimit = 90.0; 
profit = [13.807571924709, 58.0060956952873, 3.14080265805016, 29.3696355262079, 40.2288049704079, 58.1089205382493, 73.9336822901156, 50.6473170923699, 4.82823078774934, 25.9588336037273, 25.4021771458755, 34.6576516000518, 9.99620186192018, 14.8621521355847, 36.1279735907836, 14.5756068601304, 15.7249535710831, 35.1158418709393, 41.0080234353604, 106.454278562254, 13.5569733705617, 8.70059857974132, 29.8668020825506, 36.6259041083515, 16.3857083098651, 58.7621419267555, 11.708370822359, 4.44802920656882, 9.51258888884075, 21.9683631634473]; 
ptime = [10.0357907052025, 15.6032991201028, 6.47705997019731, 21.7868128060858, 11.7872303371612, 13.5580303914494, 19.4635488464657, 23.8626405764494, 21.0640213107815, 6.07202941634862, 16.4361365209659, 8.67762456901341, 8.78047095806275, 15.7206768522469, 11.5383656362861, 16.79711433198, 8.99977112325702, 19.1719556260831, 21.070451662162, 21.7973558391428, 11.159214483494, 11.7644602530486, 11.9921132545082, 9.76389381912534, 17.3917773944216, 13.5865058187942, 9.69983824832263, 13.3260564624957, 19.2302929121977, 23.8445102405477]; 
jsize = [14.0018938213794, 12.7240202592254, 10.9306257275002, 11.905835006228, 18.519885295111, 17.9854890280354, 19.0497697712896, 13.0868597124628, 14.0367068752178, 14.6813065179872, 15.8065906901703, 12.6742546818782, 13.508008404845, 15.1239816204011, 15.1615863550428, 12.0163555164026, 10.4607778466379, 17.8781517162254, 12.6597245611054, 14.7264425942927, 10.7189346529158, 11.0168346932458, 18.4229391635219, 15.3294549962032, 19.1704668120734, 17.0659998062899, 14.3566712645864, 18.3886040761357, 12.0724948949363, 11.127647706812]; 
invcost = [6.38627274236989, 19.9631792829099, 0.775470158003122, 13.5617437905344, 9.38736859082814, 10.6089890744826, 16.4890445002171, 24.6456690545436, 1.4125084705444, 3.48173482291026, 7.0409273192782, 8.18133070408278, 3.62608578713596, 1.77627150436973, 10.0899723097229, 4.49901333986998, 5.15618151123999, 13.3978481547434, 4.62238584023383, 21.294698046732, 4.21077872163327, 3.67211299223553, 14.7678057547042, 7.45940747522757, 3.26690928683158, 13.9851290965635, 4.30913276988416, 0.847118042636885, 1.40309194563739, 10.871958453868]; 
A = [454.396565857741, 743.511342966358, 833.839912882527, 750.681162859253, 1066.84472006647, 911.00591038849, 1066.9992087017, 969.335125324387, 1011.53828662464, 906.370459632301, 740.723747660708, 858.255068591413, 472.359433509652, 777.630920826877, 648.434216930643, 732.380289201643, 764.078052471197, 923.246410030792, 654.313392862998, 478.153854029636, 960.243697639374, 613.516878801049, 959.588270492141, 1092.79525985231, 1202.73837742238, 1095.86204707986, 1281.06175400744, 1148.08604155851, 1063.320232538, 554.102273857001]; 
B = [477.927185717509, 758.855966346946, 844.804027888732, 778.719132875094, 1075.12758421006, 928.671818574422, 1089.28333404595, 1006.35400019933, 1012.10737124289, 917.685691966437, 772.385158041797, 885.053316392418, 511.56732292383, 787.216729723253, 673.638971249142, 754.711952432664, 789.69047457485, 933.518668161379, 662.633618010422, 483.238261976645, 976.014358562771, 644.149978814989, 981.97718367462, 1104.59061445956, 1205.70148535946, 1114.37903097176, 1317.88478082181, 1169.33621667992, 1084.29675514601, 572.715242348095];
