numJobs = 30; 
invlimit = 90.0; 
profit = [22.0898918005054, 31.7286839279436, 86.6232804376815, 79.626777844494, 31.2115860705199, 31.0597090908882, 44.3510365856511, 59.8422466714425, 21.8432036166257, 42.0159600438798, 30.1544446489774, 54.8198628587617, 25.6420414590575, 6.04071921313146, 36.7116480665077, 4.43178980828222, 32.2722162371391, 35.9303399873904, 64.0898999191129, 27.3822891894003, 57.4572010883509, 29.8911873629447, 16.9848791978972, 29.7397166954677, 37.9761268306133, 29.9750229735414, 8.01745735946425, 53.01504188074, 30.8491527160414, 20.9461946688203]; 
ptime = [18.3416167895773, 22.1599323974446, 23.2636348656677, 21.0459350042208, 18.1638876266068, 10.1530220723913, 22.9814296998016, 17.9367609100127, 22.2583302999665, 10.4576629419613, 7.84184459056315, 23.0699343949163, 5.63214661287492, 12.5444752476858, 11.6702795699522, 21.358816408538, 7.84080715263289, 17.8642515725096, 12.8493861135681, 6.67151748158414, 20.497313775426, 24.7205002576499, 20.719319578852, 10.003380092208, 8.21133225904298, 15.1702924323884, 6.32057053686981, 11.2573328691042, 8.04327957002037, 12.4660889380851]; 
jsize = [19.215697481594, 18.666460664915, 11.805119622841, 12.4059156237241, 14.2226835777318, 17.7175995049274, 13.3806079979388, 17.2458497699716, 10.6384167979975, 19.6460351412916, 12.713179679655, 18.8263655860756, 13.270728638431, 19.2341190717432, 13.5933511686264, 10.6061809800622, 15.7315025835684, 11.6036818579388, 15.5260758000445, 10.3627368713458, 11.4520468268798, 17.4553028209652, 11.7868966643126, 19.9774166887176, 18.2470759488816, 15.0730793518304, 19.1952622324035, 13.6393754623453, 15.0621261885683, 16.8058921757361]; 
invcost = [6.23114931797521, 15.631335155524, 27.1368183413373, 19.4496853823507, 3.97037392185041, 9.08694325960792, 5.69935980393709, 21.0562115450212, 10.5733241040777, 19.1575147274522, 14.5386391654739, 15.4129805651067, 11.5377627767589, 2.4936761918735, 17.9950809761321, 1.88386072262988, 15.7547351439748, 11.8198885744296, 9.4551770083033, 5.33294570668551, 17.1550169988435, 8.69318240990233, 5.43735460187385, 12.1183222520274, 7.91152578132522, 3.53034520451229, 2.89665850443581, 20.5291753719585, 8.35711322396479, 3.40786516743909]; 
A = [1235.30218105324, 656.551233816951, 874.744377401573, 745.447744919515, 909.290662266901, 1088.8412269139, 790.526154718873, 1170.0433007292, 815.613967486541, 630.062727149975, 635.347240145703, 756.776560887794, 1083.35801390669, 1091.91991866351, 1263.8787346198, 544.436449316215, 776.877186385357, 803.431589403175, 873.221568877083, 1141.30998570285, 1332.49132417174, 638.319214493278, 632.20696183348, 1143.61886900468, 597.521175971183, 570.442096050405, 594.632863840257, 735.614621160579, 1042.33275511289, 959.355782015135]; 
B = [1238.50902636067, 674.54356421268, 886.931974916125, 765.549573459893, 939.389154950855, 1119.24474500584, 813.837537434893, 1176.93050636634, 834.850434451799, 659.16355398423, 668.939720492138, 768.652506811296, 1113.00434580402, 1119.94722777126, 1291.55683521044, 569.814260216672, 815.668114231509, 841.367353344746, 910.780348113825, 1176.85041934258, 1338.22653736001, 648.043538275032, 658.105644524882, 1181.76878473956, 598.219515440784, 592.487541875169, 604.220899687703, 774.276770215839, 1043.1576843508, 961.107468141629];
