numJobs = 30; 
invlimit = 90.0; 
profit = [28.5657291862803, 101.298338716199, 61.6017071131982, 68.4736244489572, 44.3032120299872, 10.2824994199259, 38.3855495675369, 56.6405746114207, 74.3472572382281, 22.0934290262521, 100.847314304393, 66.6970588502161, 80.1888126683865, 11.3901760973766, 6.59916796548329, 73.4308496823457, 70.5843596526125, 31.1959788331832, 6.66730505557777, 71.8288204867265, 15.6873086029738, 56.3459523827049, 62.3120735351634, 45.387573153789, 86.8834263695288, 21.9690712228461, 23.2745248031742, 9.947625425602, 51.5707825717343, 10.8192190136796]; 
ptime = [11.5747388871428, 22.6775960904209, 20.4160454501493, 17.0609477963991, 11.0165836267286, 9.36237133079856, 18.8908854516173, 14.4145084467115, 15.2224919814104, 8.00105745774017, 23.6442990554705, 15.8322531091605, 23.9012627667988, 19.9784445333377, 10.808050204159, 15.3097333974299, 24.3148482997449, 6.96833249045994, 8.48562070391997, 14.7966782420857, 16.6594648757262, 12.9146923176079, 17.1360954385519, 22.0574917318837, 18.5195293440159, 13.1833949596472, 16.1142830137003, 23.9090036988758, 11.5819574437408, 9.5378406091841]; 
jsize = [12.2154407993559, 10.0510341324188, 16.6448374894824, 12.3607441647302, 17.5377317115883, 17.543933517646, 19.7765907245295, 18.2998011875857, 16.8388221065371, 17.0308078848022, 12.9367510108771, 18.0948272113671, 13.4995771246509, 11.1928337832777, 18.9867679352902, 12.3171943335052, 12.669394000533, 11.8356120820484, 11.2122842782503, 16.1417638566823, 12.8050086510512, 13.653647829302, 12.3657565700362, 14.5124479314759, 14.5554227692463, 14.7342394832178, 14.4883895272216, 18.5475491262222, 10.6401707612165, 19.3096413916362]; 
invcost = [9.33477923146322, 13.5214058280961, 27.2128419709615, 6.91210337182253, 8.52439562809895, 4.02273989511463, 6.21452017836156, 25.8407033782978, 31.661718089065, 10.6587492128176, 49.5666840195128, 30.7030892374739, 27.6070322134843, 1.92317360602776, 1.35319805978975, 12.768504048601, 13.2274348516516, 6.63082072624325, 0.785894228148356, 23.6880476844764, 4.98045518404387, 10.744294691469, 20.4569016859775, 15.9283845268436, 22.472111381286, 7.64067613811831, 9.2714754482898, 3.25070767535081, 7.23802755342229, 1.23793452193413]; 
A = [639.488801215175, 549.980262181486, 765.076442692557, 651.094364588985, 677.885376694034, 588.634825547152, 1209.63911980434, 798.776733715926, 1006.00522459648, 984.868726190331, 976.230010140428, 506.90592605436, 1232.96780918237, 658.563134027859, 1124.19176225414, 574.266977651083, 670.741129729324, 1168.53228040047, 845.645788342358, 1038.05067574006, 1090.97214506051, 747.199782026512, 605.11615483096, 865.94397498538, 1015.17534181507, 1250.63252067996, 1163.36052953397, 499.095389378437, 935.338098968408, 613.879049988872]; 
B = [641.758073068561, 554.711244870581, 765.741194642628, 687.858254543783, 714.352283761823, 623.526598632523, 1221.16129764714, 834.64321148568, 1010.68819113321, 1016.5709428261, 1012.96279834392, 529.255664221627, 1236.5596632127, 673.897835489464, 1127.60490010909, 583.80569845725, 690.144380970444, 1192.97149825975, 854.062500193649, 1060.9576878829, 1105.83408734933, 753.392859421937, 610.864953795661, 892.630215041221, 1053.37730446284, 1287.52094796745, 1175.4122753955, 527.529245226935, 960.421923708023, 637.152852983944];
