numJobs = 30; 
invlimit = 90.0; 
profit = [87.3662321834084, 63.7287398471678, 19.987748671429, 73.4237372186513, 45.8624209356565, 7.27844843364822, 16.6247362803889, 65.9669120989117, 78.685608297056, 80.5948337769224, 2.34985975803408, 6.20369697424599, 23.587049455807, 25.9206440073758, 112.552969623241, 14.5745845356111, 13.9536147279572, 51.297386237583, 20.5526672413355, 79.2646872371507, 10.7207696689461, 26.2216530827351, 3.33699680744188, 34.9809486271885, 30.7986195857558, 60.213488673919, 11.0295800774567, 34.7140270406167, 8.02111071925201, 21.1474972227717]; 
ptime = [19.3511314468717, 21.5810094302336, 13.6767975861556, 20.4493011124923, 23.9154769332933, 14.6458691378052, 12.5822101571222, 24.6859062990384, 23.9273526304107, 21.9970189818543, 8.67025969087435, 16.5262103924975, 6.17672636559866, 7.85921337139413, 23.1734787638526, 17.4180643404141, 16.3200684054211, 19.0307384995488, 20.1309906724603, 22.0401532808026, 7.26917462155394, 7.96048609581895, 5.81074406097578, 12.4610396778587, 14.4333438042412, 16.1490112193226, 9.92911840276358, 23.4912854920855, 10.9275461117861, 23.7728287497534]; 
jsize = [13.5641254119753, 12.706061399706, 19.1841143098582, 12.1280594824688, 16.5039504546652, 13.8480211411257, 10.1577877665979, 17.9063036931058, 15.1694932783846, 11.1541940029702, 18.6397190484456, 19.3458410086054, 16.6422487329125, 17.2681725871337, 17.4339921477823, 14.1732728954312, 16.196731316966, 15.3137243213011, 14.8229919577777, 10.1690147444408, 13.557480842693, 15.6991171454963, 19.1622074987207, 12.8117005836852, 10.2029904814981, 11.9909263497756, 14.155199602187, 16.0831258388208, 18.8865739127442, 12.2035878042094]; 
invcost = [37.3879654790218, 23.6231512466694, 5.1250332050954, 26.0067159918924, 9.39361684227096, 0.785192025735033, 6.33575375493071, 11.8156930286145, 11.4730103127453, 16.8575574722939, 0.777684047928689, 2.81473788617141, 9.09391365438841, 6.69639516177837, 24.9951356276794, 4.36420396062807, 4.47693991158004, 19.9728349443069, 6.03267901849639, 36.2343146185031, 1.08811294637876, 12.9770041325987, 0.550625780004241, 3.76668950521659, 11.1756904522765, 29.5771790882332, 2.82618920106498, 7.65299052849392, 2.50561721182559, 5.81980897408615]; 
A = [834.135499508055, 566.754001561491, 682.148706898259, 1216.3494979409, 575.922551735246, 675.533372508874, 1127.74725253308, 1257.03506784269, 1183.50498956623, 505.333457135672, 636.782780629031, 848.224760720538, 557.414901057849, 1062.81615419044, 650.527102593571, 985.832357916302, 1326.41805239014, 468.177578222138, 1141.73819404748, 627.309977200752, 1264.58532416754, 1088.359344827, 637.171677312459, 1190.05283904172, 679.147091937818, 982.823879364371, 857.918712958257, 1064.97486033722, 456.47188679886, 731.484614921222]; 
B = [847.972653768978, 580.045592351935, 702.331596315717, 1240.16713045785, 591.319648191735, 691.897223680986, 1130.77861983608, 1269.94823047515, 1208.83176613244, 520.216930056129, 660.261740267609, 859.142710464973, 596.690710465319, 1073.02391176219, 671.414069712117, 997.679032663635, 1330.89153130162, 470.046618279041, 1156.60796811834, 629.808187139992, 1284.68420957552, 1088.9990456369, 663.393725654412, 1205.43886107903, 690.905833383118, 998.386895393918, 882.657866829272, 1072.15757965073, 486.09451132257, 743.619284610028];
