numJobs = 30; 
invlimit = 90.0; 
profit = [29.1463056546406, 70.1590190883251, 14.9605928417194, 36.444042395242, 28.5360611718283, 37.2455957840079, 74.3297892918464, 28.5677315094286, 3.09314725584881, 51.4978377607503, 56.7834780024945, 81.9643653957688, 39.0006310647787, 48.7569873894185, 22.5807304172744, 46.6188527811488, 12.5192231365142, 8.33374129828701, 97.1924959282238, 8.91838329061063, 77.2452661500504, 71.9809192021812, 20.3036892357202, 82.9571213775701, 33.2167304264339, 13.6759031051413, 52.9566447600635, 56.2692732563987, 26.7661295005675, 19.7200623915249]; 
ptime = [19.2609030798006, 17.5546919361771, 12.7336521299476, 15.5917132750313, 15.3843087114193, 10.8052095738414, 20.6388049146277, 10.7622700971496, 7.54739420895969, 23.1265376723452, 16.8699745203637, 24.5714595265676, 18.7976322507005, 11.480745656914, 5.19172139311191, 19.4923195600539, 7.28506479883572, 16.743854269923, 21.4186396145626, 6.28415202225446, 16.7815150950026, 18.888757856689, 16.0162389502835, 19.0235393877336, 15.9961203732018, 5.0130780545254, 21.1459842959555, 21.0295905056115, 9.05349514127796, 7.91068113583561]; 
jsize = [14.7110619216265, 11.6286708306599, 16.9909680188398, 15.5758860114006, 14.2645564833008, 15.4829110503058, 14.3543206274897, 14.4316244447914, 10.764030195433, 12.9855784285927, 10.7857936786816, 17.0603346094891, 18.5903008640497, 17.7366104102265, 11.3746982883995, 12.0766162959936, 12.0330915700288, 17.2887046693706, 19.5833936623496, 10.0212811614105, 11.1910136469091, 13.3013959795355, 10.0170179312786, 15.6789946694448, 10.2996048303325, 10.2188626371849, 13.6647390354687, 16.2068692683473, 18.1658723008423, 14.5357424389359]; 
invcost = [13.2691786758314, 24.3322792589137, 3.37357565457352, 7.01977759327868, 13.369412435803, 16.4010560093025, 32.6553149427988, 12.8542915468149, 0.609103432802271, 6.42237279484024, 25.3001275157163, 17.5020440295869, 12.6101381687916, 16.1917908076486, 6.3819765496958, 23.0392588438274, 5.90293916260712, 3.18411214986661, 27.5577689450358, 1.46382438187246, 26.2928195391242, 32.3369860760376, 7.82230333236641, 40.9345130173108, 15.6885978610523, 2.34282436460353, 21.1879552647692, 24.5088519675329, 9.84353755313026, 3.51937567406446]; 
A = [1012.92358351554, 1306.20832137813, 1061.29657469249, 612.817763551525, 688.994442266167, 977.997489038521, 830.656665835521, 601.159611952882, 647.256884770158, 836.993145272515, 1202.19602619101, 862.92888158575, 590.142622042245, 1266.06317303328, 827.04954641019, 600.310128429033, 1024.27837375296, 593.6488020293, 932.02988855922, 532.831885665806, 504.614391865612, 741.613916747606, 790.507263981726, 895.820462845065, 857.518024868636, 640.689920708343, 974.839696361422, 775.741797844707, 1135.22782969341, 859.603788853462]; 
B = [1015.74099537502, 1322.84728274378, 1076.96188407553, 636.959239483759, 695.551614819913, 1017.63791212989, 847.596999360345, 629.512292942244, 648.377464884043, 857.093815614156, 1212.08924188368, 875.77935709893, 597.053947674981, 1295.69653701317, 852.612688626207, 605.313354653621, 1028.94278935861, 615.479329806453, 942.170796811785, 550.81934107005, 527.404279030466, 759.794967450258, 808.727628416058, 914.167228594813, 881.191600433988, 656.242557725873, 991.307925764759, 779.92492339744, 1148.68502895186, 864.353941623486];
