numJobs = 30; 
invlimit = 90.0; 
profit = [9.47410658721825, 21.6105714970387, 85.9944989154531, 57.4393753600963, 23.1478608253714, 12.5957834686479, 39.4899776779562, 10.3338466836216, 75.1412058582382, 103.303494974107, 31.2890336044476, 43.3840021356114, 13.1494538624592, 38.7597076763265, 59.8553334358885, 25.6099715115435, 8.72467469382316, 44.0991162837246, 9.91335263855765, 7.33304526462557, 28.9336651161979, 12.8624185537727, 47.4565543473513, 2.16753273983189, 17.613285052182, 6.3511065835961, 3.36077027103827, 9.39535722102818, 30.308472942962, 12.5986863344375]; 
ptime = [14.6949606831061, 8.86156187154002, 24.0569736627516, 21.7200005849809, 7.34582495172919, 14.0003694113863, 12.2971273477723, 15.7767161366926, 20.971702547881, 22.2448372410749, 8.31820120128923, 16.0225671183602, 12.8569309068126, 21.1718653438587, 14.1621256704998, 7.86228875034224, 5.40511865336133, 24.8242203326277, 12.7369986457948, 13.1774659330831, 15.1957800492447, 17.0860662083881, 9.72378889531044, 8.87974357188409, 5.46876559959478, 14.1938016294183, 6.43934799983382, 14.1731616194566, 12.1760782508442, 13.775758351901]; 
jsize = [11.5446744000181, 17.6561484369209, 18.8658108038288, 10.8743722590751, 12.3433505816462, 10.7364569998557, 17.9114291693757, 17.1244758382991, 16.9929325145978, 17.4340424922217, 19.9407769554025, 12.1727759014509, 16.5033609015172, 16.7185366416113, 10.4841634114658, 16.8354367878245, 10.3291223956293, 18.7975269483298, 13.4643586148325, 14.429018849943, 13.8520396730331, 16.5460665279391, 18.8541058733735, 14.1270800528876, 15.4791327274307, 11.1837445561857, 17.5769294869883, 11.8070079527778, 13.2971093714372, 19.3366009269412]; 
invcost = [1.11709823256874, 2.69630416344841, 17.2691888752482, 28.0911817586402, 11.4708332883901, 2.90525267295786, 19.3912165428945, 4.77643811711248, 12.327677488306, 27.590603240183, 7.69157396048144, 20.5498884078043, 4.69084170060012, 8.02477037828222, 16.888663269813, 9.87467100804815, 1.00675229383656, 15.1095703959243, 3.33948988427341, 2.80551360323789, 5.79238069429697, 3.91286541236869, 17.4605108481665, 0.605768943115573, 7.96438397751179, 2.91596755294249, 1.55742512095566, 3.81128294165505, 8.35102662235552, 1.36590250650868]; 
A = [719.398648431162, 687.434385611703, 1240.82778824251, 1279.45009708795, 770.448094627858, 690.087582753232, 1051.89364298351, 732.329433728657, 1175.48355796969, 1337.8550424789, 451.718202826522, 784.898055509832, 538.600810965475, 676.176911694327, 1139.32001945102, 1019.83712223434, 615.353097110754, 1132.29339637478, 950.957308707814, 659.73204396573, 937.994211392559, 772.154317961218, 528.171700246694, 1093.36593921365, 653.450638483164, 998.727673956895, 591.137890109584, 1162.84597685397, 934.327284761769, 752.187694195342]; 
B = [743.631949792102, 723.534525967487, 1261.3757374905, 1317.83235207349, 799.411923984135, 728.598623852377, 1071.35019662815, 749.912233205583, 1182.33410362807, 1339.57835001536, 465.759211927315, 810.191735988037, 550.4284048114, 702.296071181878, 1172.33214386554, 1054.03170976504, 643.441127346295, 1157.9210776061, 969.134917010806, 684.035437663297, 945.147240643692, 779.429166333759, 530.687566452895, 1104.49466740526, 659.638496316342, 1009.54418736363, 606.537725196405, 1174.68606736338, 936.373738469919, 773.721924144803];
