numJobs = 30; 
invlimit = 90.0; 
profit = [12.1509214774104, 103.777676388749, 9.06787078896058, 25.555859011737, 32.149305316867, 3.13107187566034, 26.6357751122778, 79.9687120438269, 62.8366397094208, 14.1512976978768, 60.6483676301104, 15.7263029271351, 69.2767281140707, 114.044914059934, 38.9021867767843, 8.52398733983145, 61.3385285164735, 91.6011066948318, 6.15919588139196, 87.1374720642392, 44.6827878537316, 56.2720656538353, 53.5668188201988, 90.958382244889, 30.1664189711517, 47.4810120871704, 45.5026539506442, 5.65177439955761, 29.4234939750127, 15.1150526543098]; 
ptime = [11.7038197034682, 22.175109281202, 14.0174876666801, 8.0648279332368, 21.5799998981855, 6.23972713704467, 24.830357555945, 19.1670373011961, 18.8769628695933, 21.6481699401073, 12.7769314201613, 23.1499517126617, 23.3050189834275, 23.3932571135315, 18.237086538331, 6.49986567064406, 12.6814904517141, 18.6538075574482, 21.1522671894488, 18.6628030491142, 15.9292351554666, 21.447917675203, 21.4924788420963, 21.8970469074776, 11.7584747726048, 16.8261559555423, 22.9759746565866, 13.4969939619209, 12.5574304589675, 6.91569523443774]; 
jsize = [18.7019920908727, 16.9741359579051, 16.1193259021901, 12.1949001315831, 10.5220671543142, 11.355610911882, 14.325683708114, 12.8499504287804, 18.0380853569997, 11.4702532115864, 12.3692838481218, 11.6603137184707, 12.104374685163, 16.1845468131407, 11.414621778994, 18.4151682079258, 10.1040687929616, 10.0727695739023, 14.0613109966274, 11.3417588651679, 15.053526873684, 17.1362515262683, 11.3306093045845, 13.4829149181893, 16.4733459059352, 19.6766222559364, 10.2805425296576, 11.4692396549027, 10.3246565364566, 15.6721821759764]; 
invcost = [3.2378805959607, 47.7805738656525, 2.12832552705111, 12.3928214717341, 8.01985783988235, 0.667757589002013, 12.5122751120366, 32.1222766631483, 17.9679214850381, 4.57348130606275, 21.1644115749956, 6.35360744723327, 22.0374265489981, 49.1304286623801, 16.9679005673369, 4.09002331338439, 26.476740355801, 36.3162857148108, 1.4387144958936, 33.9077072507976, 11.0736640768944, 18.3767777833705, 8.19542258781662, 35.6491927383157, 14.8490320407552, 5.84053979990387, 8.15933683033252, 0.656874159826987, 9.20063219864453, 3.43367379664122]; 
A = [198.493337799427, 346.438416763602, 232.782128551695, 188.893259461165, 229.230464187249, 125.367665892826, 365.672854024629, 158.674571483762, 244.554729084115, 115.960388219895, 297.658713926649, 345.778031184747, 91.8589267601098, 162.113725966856, 354.48983351985, 210.967180006769, 147.512371833349, 270.143244421868, 373.240342736723, 94.2858226227151, 385.713371847329, 103.137858284565, 299.50612542448, 103.165430298153, 340.64533012414, 313.31488777804, 130.14881827787, 170.202047567869, 256.626772199979, 309.01979855628]; 
B = [225.416226180696, 361.791904470448, 253.655748013419, 217.734422792502, 261.074155983104, 165.163425227138, 387.444524922112, 171.152519286861, 279.085414507853, 121.499544675792, 310.724172502704, 367.741666101554, 126.704280835133, 196.652069330281, 379.76361211163, 224.806173892615, 160.575045310557, 285.065236378886, 385.919116450923, 115.476115197555, 389.672383129571, 106.702514444743, 306.639487064421, 141.971644316223, 344.413876347814, 340.549291096715, 169.017716676132, 177.348889504314, 270.273142505459, 313.577032765558];
