numJobs = 30; 
invlimit = 90.0; 
profit = [77.9396068600994, 19.1570195133266, 10.4244914615555, 30.3076049909444, 77.4435481865086, 81.9647587433229, 40.4145917158212, 9.59418977472944, 53.0497170045342, 6.02747641459237, 2.70226926289304, 20.7425734502693, 67.8439583154317, 97.8387121400499, 44.8622422212438, 17.2182787734317, 71.4618271396886, 5.54801952772874, 43.3005721480802, 5.92788480264878, 102.408715520501, 44.1086017913823, 44.3116222068102, 53.8129612154197, 28.8828057271758, 1.35233272635424, 8.97472653803878, 30.5168763168323, 8.82643853554459, 30.6483830218476]; 
ptime = [19.5861470381039, 6.00100815710514, 16.9821692893075, 8.09173550268398, 16.5901554096709, 20.0812381644589, 9.14129092298884, 16.703478035088, 13.8902408867915, 9.74705270495414, 5.98842110841508, 18.0603714557747, 19.1117434126744, 21.2871606009392, 24.3492202358141, 20.8080798649959, 17.8598723621936, 15.022339400452, 21.4380075387153, 8.09336003362007, 21.0863278467564, 23.6136418247773, 12.8153531303642, 11.7629804022278, 6.12705150118249, 6.42723663576949, 18.9035015754615, 16.4155434717935, 18.7912610295666, 18.0676952240095]; 
jsize = [14.2821040081114, 11.5780528710142, 11.9899850066832, 16.54445390484, 16.5971985543079, 10.9607114158158, 10.9200713237407, 10.6092130613842, 10.6355045166835, 11.3449876172032, 16.9197477382086, 14.9040889645532, 19.0126680293716, 11.8299800688327, 16.8423621918949, 10.1892056299267, 18.9239997645852, 18.8793652515884, 11.9386385069233, 11.4068123581391, 15.5054347298882, 17.8726592202734, 10.8811170841203, 15.993112034546, 17.2875823500626, 15.1736334317665, 10.3501520021267, 19.7516275508813, 13.853695685384, 19.3599125227646]; 
invcost = [9.2206206526488, 4.97796568166675, 3.77911221244021, 14.7845671486676, 12.6262909370593, 8.669229248655, 12.8294754554461, 3.71140260524559, 20.9350898019294, 1.4335758579714, 0.438479883429029, 9.96515808491814, 22.8351329594609, 14.8572822682098, 14.864654320539, 6.96317604498346, 30.4748623366244, 1.21891882617455, 13.3747688580696, 1.39813586184945, 21.8185182733646, 18.8275253372578, 10.8122322593841, 22.9304312027837, 2.98533176058224, 0.647763430791807, 1.54331947049934, 10.79672533808, 2.7129214549269, 15.2225197237748]; 
A = [108.919670438355, 174.512082852194, 271.137060008864, 311.950939466412, 334.612647906017, 172.214357955338, 99.1448472716949, 232.875498225555, 350.470473465167, 194.541151041662, 170.531548031317, 344.16813744049, 350.058848320617, 144.996611213611, 331.98107015664, 218.886135890035, 227.973339548763, 140.973404119529, 191.643182715838, 274.207405912298, 148.843016990365, 103.046513096111, 136.532060805066, 305.528678197641, 222.318989148807, 313.761122514751, 340.148677525328, 236.010172333456, 355.487894723138, 114.064318811579]; 
B = [131.020356122731, 195.585025946372, 283.747089872619, 319.09045643284, 351.930990667609, 195.451454671347, 126.31100424815, 245.787743028395, 361.486053379618, 226.929056492299, 172.623060259704, 381.715301092898, 359.699557686516, 179.999968402256, 348.118554279163, 232.420631468692, 257.882436499221, 144.903838722061, 210.786434773704, 275.300152699132, 161.953385760226, 126.733648098477, 147.232488796297, 319.978105774095, 252.005457455015, 327.223025236428, 355.315509490495, 248.296930629551, 387.385261278108, 143.257857398634];
