numJobs = 30; 
invlimit = 90.0; 
profit = [99.4197410539796, 49.5535048350051, 28.9886596974739, 10.1834614883589, 83.8274762903884, 25.6722855660512, 59.2364747997218, 31.3175056113194, 41.3732035626769, 89.6723630049325, 67.1231449271242, 8.46680007799896, 45.7665308648504, 65.7902478201711, 37.2809036976102, 67.9601785647927, 39.4670333202101, 3.11014874735097, 8.66895314020121, 40.1674066119829, 9.21945021914694, 60.9942001003252, 8.77315997734571, 21.4401835581452, 15.9848595364568, 70.5132407690522, 4.80438862412336, 97.0376795936732, 17.0156907002764, 33.8926470648823]; 
ptime = [24.7541403863536, 15.4488063699792, 12.9654814391967, 15.6956936659658, 24.3520113261343, 8.06602079543, 12.6062870262339, 16.3466400913543, 9.4698176288279, 19.2583386024511, 23.3318198526735, 7.44908455041706, 22.6705581747257, 16.4823599708839, 9.24371976162919, 14.9559326904087, 23.076754442206, 9.15438647655667, 7.93040704583527, 17.1781616452624, 5.59586960007026, 12.6181728185809, 8.65532050982653, 16.0801690403862, 23.4786951967209, 15.3220329956375, 14.5986414029892, 21.2206854551377, 20.402420155904, 11.6429281048869]; 
jsize = [12.6257037708019, 18.4139786050236, 11.4069356946499, 18.7113304686328, 17.362112785069, 15.5627794574765, 11.4810661618712, 16.9915111020976, 11.6593132800856, 13.9850965410004, 10.7102463000711, 19.3877206631811, 13.4384224071208, 14.7565531326133, 12.7429165966299, 14.9861457864083, 12.1236568504037, 13.1338998970095, 15.9703513821477, 10.6850826647113, 19.0097721475318, 10.9577804658211, 13.4674387791561, 11.1194901948844, 10.9114226656465, 14.0002876734582, 15.5423200459788, 13.618841873043, 19.5872074509328, 16.3403547365233]; 
invcost = [46.836122108212, 18.4882985926304, 13.0275294771733, 2.08998888776182, 39.1419825205826, 3.29477154192658, 25.5816710698571, 4.92881175588922, 10.7291234810201, 14.4184527312868, 32.1300233838583, 1.24577513901213, 13.7266857783709, 19.9024293389854, 10.8547073981569, 17.7075046856021, 5.57653150311633, 1.18906298880427, 3.40230473458933, 6.45104375680554, 2.55529204148667, 8.54514500359962, 3.66397759028729, 10.467778129606, 6.47729231555699, 17.8727524897495, 2.14511797440163, 45.1592795473066, 7.35162548494609, 4.634552968943]; 
A = [345.632845056313, 328.426243313474, 184.477284331361, 170.825737355832, 98.4129098894664, 152.784509271747, 356.218866862702, 260.152215120936, 127.195693561695, 162.557702428019, 328.919854428042, 188.482759990954, 241.020112516589, 214.52997587258, 358.551656439178, 323.710888978029, 105.123632151536, 212.241247211452, 169.216421978169, 333.485302042071, 320.124603926984, 323.909941337174, 176.848699456326, 218.727573965824, 157.624052081828, 105.386068248586, 298.352397615558, 381.571853600118, 299.888846637251, 280.284163356741]; 
B = [369.160647261353, 332.083334817364, 209.151320524518, 195.159443414671, 121.084556512128, 180.998543501755, 375.454954953031, 262.493859133579, 136.495734119925, 182.3445794745, 348.500756537056, 190.33287634389, 253.019052411435, 232.088521668999, 367.158388934628, 341.709269139567, 122.364463238302, 216.88413511093, 195.395579739785, 358.7866999703, 352.454736329213, 348.158572670519, 213.206583644923, 242.191268295556, 194.400730665192, 123.411259167851, 318.362518642984, 384.440652152788, 303.626869938179, 316.0615731731];
