numJobs = 30; 
invlimit = 90.0; 
profit = [7.74216407650966, 6.98022464174428, 6.66041643869667, 13.6902278757119, 50.0265429275237, 71.7085629586363, 47.7733432172214, 9.24248295729121, 71.5691296166077, 52.1726125603309, 89.447940277697, 29.3616096499299, 14.72733133248, 50.4234735976847, 21.0971703242818, 25.5599332712063, 28.7791339967351, 15.2115933948941, 116.106293381428, 25.3342798058845, 27.8419845817554, 38.4625755616418, 47.8300438690197, 95.5491607309927, 12.4831789391418, 27.5931060273491, 5.56643252889418, 7.86545427380506, 50.0679864143584, 53.577985030548]; 
ptime = [5.40320568902658, 8.41871766146687, 19.8750338128363, 9.9316578264818, 12.1318101297655, 18.262532863347, 11.6335602732885, 17.0728524435947, 14.5554550947725, 15.0224462381922, 24.393066577551, 9.40202892220277, 6.4734727822276, 10.9885543946946, 15.1197493760598, 9.64490299968535, 15.4937058842812, 9.0912140301115, 24.6471899187868, 7.49344601842606, 6.59804274847715, 8.86715365091836, 14.9284514281272, 20.8346130841797, 5.64803151163674, 14.386642428498, 18.9695497358392, 8.93643621100291, 20.4790295148963, 22.1041813295151]; 
jsize = [18.3539629527604, 18.2379650431259, 13.3421426672388, 18.4559254275884, 14.8082038638811, 14.9293542799789, 14.4696333364061, 19.2904159047389, 15.9219763572395, 18.9144315186688, 16.5827395324049, 12.7180627602443, 15.2900160805609, 14.9000922717774, 18.6578358734489, 11.4279478120616, 16.090930236452, 12.3884944078461, 13.8461214129625, 15.4814324489308, 17.5466971867266, 15.4018059239652, 10.5961189946712, 17.3849893574693, 15.5207051100718, 19.2990592511362, 12.9568027340975, 18.8640039042475, 18.2656630445698, 15.0316194867654]; 
invcost = [3.18822088871042, 3.44386937565286, 2.51051001518664, 5.24663604164028, 17.9113763219935, 20.8849874493432, 17.7976801420724, 2.74292531297586, 23.6930354147286, 15.4063816778837, 42.4647508366947, 3.02465182950241, 4.35978252569379, 15.9983581519754, 5.6771406817968, 7.07914009326193, 9.41107906084684, 6.73155484536307, 23.8581129966991, 8.1169960698416, 8.51339793019217, 7.05775671547767, 22.3131756836129, 18.8373412780165, 4.86739196406334, 12.3201271519251, 1.95292876211342, 1.12131163669442, 21.0368770734048, 20.3201296951332]; 
A = [263.474712374112, 230.68958739456, 298.063594089323, 329.221743923093, 121.834804493196, 340.192397800981, 238.06625925149, 295.932201285688, 336.151426996659, 377.636114624816, 335.284210552055, 185.792162802464, 305.535832838847, 305.735362293854, 193.679730229031, 110.671904525525, 179.29488405409, 120.778037714813, 357.289846498518, 287.19183176411, 186.108796523899, 348.184184012406, 240.871873366459, 127.381011056212, 300.759078026299, 286.30254438149, 194.012792689932, 373.039344130034, 256.719903683389, 356.537316401109]; 
B = [293.245913181189, 240.492597950386, 300.456075381852, 349.475291729563, 128.067138859324, 377.35051715305, 272.108452530937, 326.424078038933, 355.924177984939, 386.524030702199, 373.823848636663, 211.403465745176, 323.094200741224, 338.023811782845, 207.17511948563, 131.362765601172, 182.729059162876, 158.965045572918, 381.114239414922, 322.002178387142, 210.036841993796, 360.713259474253, 249.375596776887, 144.410557177072, 325.638817683168, 315.276562623207, 219.097514365867, 377.671001193317, 291.983624029214, 378.087540745259];
