numJobs = 30; 
invlimit = 90.0; 
profit = [72.7377682564234, 49.0776583428482, 59.2858437822866, 102.926671329882, 25.3499351671884, 25.5837279103305, 19.221058487474, 46.970161044442, 96.0308203797815, 8.86488152313655, 49.6263478143517, 6.65218992191827, 19.4321988422605, 39.9694784744398, 54.7581732998656, 96.5229828604231, 18.6509573231002, 31.6755981818531, 96.1941094067863, 31.1452526582697, 15.2652879289479, 46.1041487405646, 10.0635996085346, 101.21884419109, 18.1885362879931, 56.2124703377757, 34.2797408480268, 114.467815939443, 34.0854800068651, 10.3115460650471]; 
ptime = [16.3482188954358, 15.7083168639194, 19.4801084009675, 20.7304488291916, 20.1276058334412, 7.06096319929528, 12.7435264174233, 11.0011575691561, 21.4727379377884, 17.0959712887779, 10.8804429786883, 6.20824054549059, 19.3402923209401, 18.99870544766, 20.0176590933419, 20.2776606716291, 24.5240090725661, 7.14547774231643, 22.2047948752606, 7.57374123496199, 7.62128244455313, 10.511429339452, 7.09786165316783, 21.4254122279902, 5.87086544653892, 12.4916963693248, 10.2365061203245, 24.2906028341479, 10.1356824853808, 7.11275804706302]; 
jsize = [17.7621524343708, 18.3409700678995, 14.8188321661474, 13.4223095202086, 14.5566155348326, 12.3837453367043, 14.6602117007589, 19.9431123127861, 19.8010926244883, 13.103082132428, 16.145458746384, 16.0969724318448, 14.0170870625698, 10.3219636575047, 19.6365050242646, 16.1895150612686, 14.3439077152184, 16.043824691167, 11.7686064046951, 12.1632950861184, 15.2397019811124, 17.7884383076088, 17.8255541647859, 18.8045033518966, 14.5708908110169, 14.7451518581164, 15.8324376961002, 18.7586034620419, 10.417076123031, 19.7887202127899]; 
invcost = [18.5232775377258, 10.8954479288087, 11.8443726516964, 24.1624762992768, 12.6707098007027, 9.63359032163272, 8.61189790311646, 6.64186228202274, 19.621462521129, 3.31379380423559, 15.1258708155729, 2.5516431728955, 2.49635654955944, 16.9905585357656, 27.3070163463743, 28.505300894223, 7.65513026496919, 4.08946368651614, 15.6602721801651, 7.5193775445272, 4.58236735022732, 8.82464823649508, 1.84710319508345, 31.2103542762234, 2.60676550745601, 11.9248888852977, 4.42933415110651, 41.9541269985791, 11.9412003866949, 2.80818169268195]; 
A = [181.80678927911, 158.222688533321, 193.058059205751, 197.050730121853, 316.210175586971, 152.633168609122, 344.005070491786, 144.533461136761, 360.486038299775, 232.205123698906, 334.398946831261, 354.318065506304, 174.591130671701, 264.656266724191, 131.495180155225, 185.317462341896, 169.151161034137, 160.028951505339, 318.635801659685, 266.702381676216, 379.125014187253, 296.520135378001, 245.02231060889, 258.70734090867, 344.348156468684, 156.917982862885, 153.109604617348, 156.684076945778, 364.940733650371, 170.377783066305]; 
B = [187.448385515172, 163.862332290547, 198.081461760785, 203.570186534594, 332.627351021085, 161.53293015235, 355.619727594299, 176.224203048691, 376.016821997861, 259.217137384521, 337.897450822195, 363.241510813522, 181.139710159108, 271.254599731887, 166.468670458311, 203.747971819088, 201.942780891891, 171.912705406557, 336.96402052577, 269.160480471649, 389.836449157501, 314.703449676505, 273.673383625335, 264.297400943855, 367.528278586028, 190.519447093937, 175.534059536593, 186.756749392657, 372.753411443767, 195.282590032473];
