numJobs = 30; 
invlimit = 90.0; 
profit = [10.3634170090047, 24.1960891213311, 22.5488319687204, 15.628164417057, 18.8216114370079, 5.29976192200041, 30.9633760503707, 37.4852848381233, 10.6437157592364, 34.9158670652577, 64.2156091247819, 21.6776672154484, 26.4737221153425, 63.5365962876478, 47.2577912960341, 18.9885334253859, 35.5452575503764, 26.2159495902254, 70.8956799960244, 36.4200269465543, 45.9572608423545, 25.93885738675, 54.4331600204862, 13.4354017435518, 25.7139589124854, 31.7507788972342, 80.7219946371739, 26.4237698717017, 50.4341328663766, 109.328607622214]; 
ptime = [16.6597916590958, 8.34974863850161, 6.5178297809483, 5.2757400893019, 11.5497629026279, 9.95406704091638, 9.81023599587523, 22.6452195314911, 17.0883211414323, 8.85640194147253, 20.5082158576497, 18.0050019236731, 20.5001433262394, 14.2958044134524, 12.6552568750562, 24.3537775725109, 20.6352845356827, 6.24125197026439, 19.7630987326085, 20.5829604570908, 13.8976078491201, 5.19109112150483, 20.0356063052275, 6.35898134821332, 9.43710551533301, 9.41383765861706, 16.9332277489122, 11.9443395767802, 19.4350139091449, 23.4615487638477]; 
jsize = [13.0744843566726, 19.3722016047671, 11.9080702614902, 10.1049246289845, 12.3308421139421, 14.2736634993978, 11.6618832135363, 18.3091077439113, 12.2141573901524, 12.9050159096449, 16.8761978207049, 12.7887080702222, 11.7905388115421, 18.0774789833401, 17.61920419875, 19.0723301792018, 19.2869585569079, 10.7677412646475, 10.6658107092694, 13.9881296485259, 16.7818440643312, 13.3087499171611, 16.9709708959198, 17.3878199801291, 19.8123391593155, 14.4258793582601, 11.5935957086752, 10.3978702526882, 14.0536092527128, 15.3871143490595]; 
invcost = [2.06313408530477, 11.6723385869163, 3.75019120538117, 3.40233735740606, 3.2521734609895, 2.17569241148463, 7.52176056993773, 14.2062323172566, 1.41235220444936, 16.1034580049935, 28.0809133885755, 5.14399473698109, 11.3978417492511, 22.082928270706, 14.5669695630675, 3.97217170838349, 15.6732558066636, 11.5693566838537, 24.4153260660747, 17.2254198997446, 15.7482559912524, 5.96261506436037, 14.6131251767745, 3.63676783154752, 12.0582582251533, 12.2693134725031, 14.6276042337302, 7.9708586511826, 6.00933796924767, 50.0291852506492]; 
A = [509.342514199631, 563.382892443586, 706.852796783736, 536.407892197284, 665.145450108183, 704.279804002095, 480.810422470152, 617.233641726412, 513.305435059169, 651.045081425975, 588.55524259573, 725.914264454033, 619.060738647127, 490.441096472983, 670.513316148208, 471.819548677355, 675.618212340103, 656.195492879271, 601.825719133424, 598.665128742434, 453.789848785814, 496.997520404044, 627.933097125802, 617.135526117636, 657.882137079893, 600.788650915897, 561.681360350433, 644.737779767177, 463.111415665654, 579.055677897139]; 
B = [519.522129497726, 596.77225041889, 713.443611820957, 566.183061591999, 703.554520038505, 727.972138872472, 483.916055554621, 628.147413151555, 525.671054633831, 666.973960634744, 608.85418255615, 726.941807429628, 654.027656432212, 515.358345000378, 687.677320312946, 476.940319188518, 707.999722458853, 679.515783384273, 629.011729290921, 621.323628160576, 491.974553494937, 514.393987222179, 629.617546303942, 622.995186532143, 680.039810809821, 625.261960770829, 577.885052839798, 656.074789820871, 488.720309154926, 610.322313796482];
