numJobs = 30; 
invlimit = 90.0; 
profit = [5.26997370631682, 44.8561514568671, 1.89734505492858, 28.2541988280915, 9.93590597592321, 8.6206839907205, 28.3118802257391, 31.5802429552871, 36.5612613279296, 103.912464900624, 37.8643050799736, 24.2006611885053, 21.9357472835607, 63.6276603201019, 47.6391450334351, 28.3807971845396, 60.2632185693477, 67.2150949833722, 50.8787225086242, 20.9670044324664, 13.4542314978434, 4.56099453798941, 23.6663806891212, 59.5492427518539, 60.9245801627483, 7.65898437457901, 96.4932896606023, 20.9764776524704, 59.9227615375021, 34.1382179922754]; 
ptime = [5.5247923627379, 11.6547357125513, 5.90258640262956, 6.30047570492253, 16.1663430192958, 6.2287817144469, 11.4206331101344, 17.2092311414745, 11.9140396378037, 24.2015561853668, 10.8569253041906, 17.2591288979057, 7.1532871501516, 18.0619236686068, 15.6915754682407, 9.70521332034272, 19.4452891861096, 20.7610631315649, 13.0183734819294, 5.53691659718583, 5.17175017340916, 5.70345059230859, 7.20783093958435, 12.5225562138287, 22.1061432177132, 11.1520962109284, 20.2433919858568, 14.5267048254159, 15.7711502782272, 16.0953449317145]; 
jsize = [12.2589046874083, 11.594066004121, 10.8042604585448, 15.0613270548263, 17.8554488146277, 15.8878201033642, 14.8217202146151, 12.3176644861016, 14.2731446179037, 11.989991043018, 15.8166986157829, 13.1141125561822, 15.8119559246734, 14.1966020948533, 14.3215787036252, 12.6357489685158, 19.2791048402267, 14.5566524796132, 19.4898595452336, 18.7641130006147, 17.5574200009303, 15.7608297918343, 18.1459055819368, 19.8601181081361, 17.38183565247, 17.206533455244, 12.0481247107896, 16.372421980762, 19.7460938209316, 13.9709749949744]; 
invcost = [1.96104280268223, 8.3499511099008, 0.328864577917309, 7.25737396778959, 1.59985152090131, 2.47640756902153, 11.5420152936345, 5.88326683121526, 15.7903439331779, 39.5391128173817, 13.7754968446097, 9.40538461848057, 3.31855451403376, 31.6604521162346, 10.8817024164474, 3.01370213315112, 20.5062625909195, 21.4865794649016, 20.2766456584632, 10.1502962518102, 4.61562277445854, 1.47170035227286, 7.95251044739172, 28.0385626759567, 13.4232937354383, 1.73007795358839, 38.5593668358781, 2.71331363169103, 8.75320995882187, 11.3019962977707]; 
A = [595.895465457702, 603.758134042966, 652.800523956064, 609.043350380648, 677.840407367108, 638.599622373698, 673.481380474199, 707.946000783665, 620.936107302186, 704.565548897702, 599.66408846189, 595.006886404744, 710.881976518247, 694.928046835707, 602.283751768348, 639.505880732099, 495.596719672831, 578.774376954656, 638.399218529616, 607.483236361636, 582.549699255131, 578.37069122954, 537.404035619582, 463.301971064081, 680.330979954609, 516.528534360912, 592.197184867328, 621.729920546331, 572.176639737911, 470.160440421509]; 
B = [635.363724261095, 621.636969588505, 668.880742542239, 630.238443053145, 686.775429644948, 664.400697052024, 704.612579128983, 728.06734674488, 653.998901222314, 710.113511095432, 605.938240162083, 603.510716823465, 736.267166386429, 702.052711190669, 614.868674237897, 670.815633510755, 509.948802183468, 610.660574949367, 654.649972061434, 616.409303458096, 612.115605857155, 584.774265070929, 566.556503456444, 473.787163974121, 681.313805502952, 521.767638748189, 596.542983501127, 626.234325707167, 600.453379574755, 492.004432705742];
