numJobs = 30; 
invlimit = 90.0; 
profit = [4.45387689360179, 47.3118991207238, 8.50500978662083, 10.4650816388855, 93.9925667855957, 27.7767563468871, 28.2460898936612, 18.5338719492604, 36.3014969633559, 42.9602487231263, 56.5122773219196, 43.3020623492122, 7.13254039625702, 42.7122143146641, 94.9006084506726, 9.56336387688479, 37.6516059069362, 37.8142376514236, 74.6726093823425, 3.4029456729103, 46.5696126887489, 78.0195837534595, 18.6725716125273, 29.9894484701236, 34.6830913018388, 17.327007173212, 18.5209340775105, 10.0549118476191, 53.7583723343106, 52.8763491693192]; 
ptime = [7.95007186227117, 23.157394586818, 17.6823675544822, 9.82885265612529, 23.3273223257282, 16.6553058719742, 6.2695779365837, 15.9135059036841, 10.7371277682142, 15.4717645069126, 13.9884336243971, 9.7657014950794, 17.0215072455382, 22.3240396912109, 19.6889477231934, 13.093677333388, 12.4657286760154, 15.0055266299799, 18.1854998232674, 15.513048450643, 19.4743617443393, 19.1010350385404, 7.07382978394898, 24.3282317211895, 9.98427273339219, 22.4601931142181, 11.6610227266104, 14.2442922995732, 20.6483589195042, 14.3350087961994]; 
jsize = [11.5541373559504, 13.41311261344, 12.3736312258183, 11.245384433481, 11.6361279105832, 15.7918927284957, 19.8017627586268, 18.9894880367001, 12.1941817509474, 18.615170532188, 17.8707627216818, 15.9204456091201, 13.6528896646765, 15.469567428889, 18.2444042315229, 18.4810137822165, 14.3857605499545, 10.6497563083761, 11.1785524160187, 19.729160349027, 19.5821212108517, 11.7053646806214, 17.0593875199887, 16.9604087557636, 10.4962075440396, 10.1353747161911, 10.6490740199905, 15.4613508471675, 17.9709100414197, 11.8684739943463]; 
invcost = [0.979384981406442, 17.8923874417016, 1.28387124271251, 4.46387095502787, 18.4647322001447, 9.28377263892205, 9.19891434568412, 4.38881051141651, 7.90829976176837, 4.38092849974164, 13.3933419030432, 4.78956340739764, 2.36447801293577, 20.8439591991164, 21.9942465223477, 3.46147596870118, 4.45126124308454, 9.67229740264516, 34.9871313782104, 1.11420164437731, 7.34236266360083, 38.1997798447617, 4.66795714454961, 13.2385113612555, 13.3757929063583, 5.35060639792706, 5.0874766358849, 4.65536582768713, 15.5833250998558, 7.84410891849672]; 
A = [595.651785538627, 717.769898192326, 582.270080948428, 599.178530720708, 535.449885765194, 471.576561121206, 506.137430851801, 707.791468084229, 733.275311891353, 639.758847958538, 706.944713068579, 609.859135160655, 489.26260928108, 630.843244531335, 609.347719605268, 483.358590452998, 665.981105669635, 703.510321461753, 749.525305393752, 589.310055531247, 512.783529947443, 473.640522964417, 581.083952671668, 720.905909455548, 667.522473292439, 707.475776243706, 480.559705532657, 623.456088733752, 726.345053541152, 669.821564979972]; 
B = [615.36727089729, 723.751237763036, 600.510763484132, 633.726742092526, 572.877497806319, 488.210399769105, 510.105823695159, 741.863824550063, 748.580255739598, 661.81661346522, 730.991905566783, 627.020444213586, 513.636997088186, 667.073673620595, 616.579032715838, 512.545636377882, 671.895926181703, 733.039031798005, 749.635369120618, 590.374173883725, 529.331345529527, 504.176595672511, 586.60194843932, 733.322143505147, 694.902161061661, 712.08101619329, 520.105357215282, 653.088081057617, 742.310984242382, 692.182224621896];
