numJobs = 30; 
invlimit = 90.0; 
profit = [23.0495673904039, 94.1322155542521, 33.6937064866877, 50.644794963198, 34.4171643453439, 14.320798649759, 45.1401558103067, 21.154008212875, 49.0734733755476, 11.4016218467716, 18.4231843906091, 11.4969097674453, 34.1201154717678, 41.2817039250556, 37.6308493092541, 37.0236957198461, 19.3522040375656, 9.45841200362493, 6.78857983813523, 17.0131932132866, 26.6275118008137, 59.1001291550142, 119.41785954572, 24.1525592282883, 10.3016909402519, 84.427529414892, 41.0645145998528, 16.1102945525672, 57.7458066587182, 57.9243791727338]; 
ptime = [7.98802977487798, 19.8652640200613, 9.27855300515263, 17.0864967910866, 7.20974630475955, 5.11187143153651, 24.4679857413098, 8.45466681603692, 13.118631206652, 20.0063971628801, 12.2458579526359, 14.9343599337658, 10.7722160871668, 21.3610535152244, 11.7208491767339, 10.9674320825713, 19.1147579280088, 7.62821092821455, 5.16479017350513, 5.36593858142378, 18.9339515977064, 22.1697336127821, 24.3949089300377, 14.9296857872903, 16.2873041908992, 21.5115114278631, 8.24155215548953, 16.8718745237594, 24.4547772085005, 13.1711061717225]; 
jsize = [10.4468797340069, 19.841836639366, 13.7457332376469, 10.8329388538164, 18.0266591319359, 19.778105952744, 16.5809838902515, 16.9902482825984, 11.3553370009151, 10.2097743605098, 11.4627025023816, 19.0007069752736, 15.8180878498977, 16.0117180775127, 13.3632163448605, 10.2071308908326, 18.2037188415656, 17.7094846798506, 18.9338359499301, 14.3343518286903, 11.3584840597173, 18.5511387626456, 17.273553190894, 11.7790889870595, 14.8272475760591, 11.5314447517817, 13.9418478904001, 14.0708123494418, 19.3867113810834, 14.5229147422188]; 
invcost = [9.78859290361517, 35.7085465466839, 6.82872940395066, 20.7724767674543, 7.39122840198067, 5.70322616650139, 5.39659835997707, 6.89229453622366, 5.53356900721944, 3.1671290645152, 1.91170219854276, 5.55352102972873, 13.2614081789315, 17.389570331855, 13.5034661853012, 6.61711857182559, 2.92786845714152, 4.17762562630443, 0.898496301957262, 1.9846604528939, 11.1630202761861, 23.9007774026271, 57.9713394126402, 7.18669703183174, 2.65917174079326, 16.8547935388036, 7.2047029026515, 5.54571305504418, 18.8255192507079, 19.3887642053268]; 
A = [619.854907365512, 514.124751634924, 510.528839880364, 729.099585902026, 539.227157255668, 637.892473685438, 587.090844736516, 694.056833832315, 619.827689837937, 464.892319407983, 524.896400223138, 606.366995849782, 623.304635975054, 568.358498194172, 659.720891973578, 491.102492780392, 643.841280867694, 640.156472705456, 674.900144847986, 692.757928841695, 531.762048803052, 570.854687467574, 529.339442379088, 584.607971613007, 511.09506837687, 661.12180423606, 666.061738498974, 514.305277355394, 543.257203740913, 698.539953416485]; 
B = [656.628057915029, 551.980612963096, 527.693526406037, 734.526057974582, 568.000190037598, 652.634769638412, 595.624395240963, 706.242262944971, 631.809693325372, 469.766038076051, 558.868595082229, 638.084966160583, 657.069124335977, 604.253015457671, 678.111559880018, 524.907626672742, 647.201091432489, 644.386775496044, 681.187094170996, 719.46890999087, 570.109168305147, 598.732281058558, 559.628471279943, 610.533797446228, 535.664728814793, 683.143824427557, 673.070162872751, 532.672290771753, 570.688843268457, 729.004809938969];
