numJobs = 30; 
invlimit = 90.0; 
profit = [5.43501137709951, 43.4721414009726, 23.4657261284453, 10.7115659201415, 20.0796271097915, 44.4252383160007, 27.518551479138, 92.2638560793798, 40.9498333036867, 4.00164308417217, 10.9491365522385, 15.0917415324362, 71.8277407676478, 92.1192579582435, 69.2342788897499, 38.012198612517, 58.5720879804602, 33.4820053160115, 11.853548783793, 69.3351124527548, 25.4770126341233, 32.3230616213901, 9.54708172626808, 8.84981932998604, 44.0583269761517, 11.4167182501636, 51.0276580639125, 24.7400305724523, 34.1705637851144, 55.9857432440952]; 
ptime = [21.9865622766526, 16.7860302782664, 12.0004306058147, 23.0409428491704, 19.768345764765, 10.96115469771, 13.4832888896995, 20.6859720668637, 15.0922425893521, 9.60731655428474, 20.9074312703363, 9.55855976172924, 14.5519370348428, 18.5021144430216, 16.4361926295186, 13.1057592697979, 19.8113453155757, 11.4748351061724, 12.1912884634785, 22.0619108937016, 11.1925672136736, 11.5089578119189, 5.66340567679903, 10.2952039767454, 13.797665171081, 22.3372896729494, 17.1282543907692, 12.8685845491283, 23.5068333901075, 24.7845876894929]; 
jsize = [12.4722240743327, 13.2284655772852, 10.6417038226412, 11.1992272187897, 12.523141920891, 10.6795058149956, 17.8995798163981, 10.7862731919786, 15.491430176075, 15.2741300934043, 15.6336948452989, 13.0166975903138, 13.643394188087, 17.1507408934392, 19.2765572130348, 10.2061529006243, 19.9401377821119, 18.4790113066109, 11.0750707048658, 16.988362953413, 16.3271921800761, 15.8938665450752, 19.3012921754074, 17.0679149169427, 13.4167792035994, 10.0239552433265, 14.8653908713977, 14.7911254457794, 10.3872257794262, 15.4909457825357]; 
invcost = [1.91434243492254, 13.7933559300769, 2.459499849325, 5.34889135953081, 3.81328387656416, 7.38995469846992, 7.63659374580369, 22.8069014992908, 10.0751497446774, 0.772169743656522, 3.19468201474549, 1.72557212014195, 27.8823600729908, 23.4514605688546, 22.403473706399, 17.7914201378706, 24.5714314976475, 10.8879091124608, 4.6214661932857, 18.8838299124634, 4.28987769684643, 8.49025210527999, 4.25744971805556, 2.3250821757303, 12.6474051160793, 2.68856278393162, 12.7989983979317, 8.69005270871882, 12.2231756662658, 7.34714071135031]; 
A = [275.116449680678, 316.503964384226, 544.395445798994, 390.472814484081, 214.093548897599, 566.599888463699, 277.32527892345, 666.31167326769, 260.092745890394, 421.290658194289, 887.933457755825, 648.324790641006, 182.01779982146, 793.388371045274, 685.416063928087, 765.759098244609, 189.123947287355, 751.890102574602, 900.039197428841, 885.902956701317, 822.405441076988, 388.992160970283, 132.781474354782, 781.493402410232, 766.671078447041, 703.08101739763, 382.267074752123, 847.01571323553, 395.263800878537, 218.939007968329]; 
B = [307.028157987733, 347.373237233101, 545.83555712549, 425.72401814501, 221.344760051534, 585.959062474293, 310.781713726314, 682.49874233674, 292.736663393205, 432.297184334592, 917.978035423293, 683.910523702552, 186.496490332571, 795.561787761125, 692.053291576472, 797.651001789869, 228.470324795994, 791.819791116829, 911.967001911262, 921.663158315396, 834.948782507882, 422.282323672429, 138.611534588221, 814.784822937191, 768.522039322012, 718.727103520375, 418.354421898228, 861.157812082471, 396.870390555875, 230.072520510658];
