numJobs = 30; 
invlimit = 90.0; 
profit = [25.449206959792, 98.55585648665, 25.3359681928446, 35.9073408815016, 51.097082930048, 1.65145637371806, 7.59868023815067, 80.8724867453419, 38.5550458742624, 47.6379066323831, 46.724856966252, 64.1315823289439, 17.2121746947626, 62.8227037768321, 14.2142665749326, 20.6574670995794, 4.06020160395381, 35.2475856887993, 5.07270262834423, 9.31374465319124, 40.0636032337693, 31.6735832955427, 43.6230729551633, 52.747090494222, 31.6731717416464, 92.350601833185, 50.5332296163187, 34.110014979067, 4.94009002364412, 21.4081300402132]; 
ptime = [5.32032888199452, 20.9161300053857, 19.9654511622624, 10.8863442659359, 12.6514394691322, 6.66044501992145, 23.0249677561987, 16.5944650498359, 8.98362415886288, 14.4309377901149, 23.0508468577702, 18.6575167132558, 6.25477235879814, 15.9168458053389, 21.8022944186415, 7.50722539305835, 11.6383485715666, 15.9389430291602, 15.9570912959413, 15.1212580080214, 13.7052655799219, 7.7227829090812, 16.7385389229427, 11.7489347387891, 8.32725055127685, 20.5296080440644, 11.4960179277426, 16.1667074828005, 22.6101451998289, 10.8096596327951]; 
jsize = [16.7245331570402, 12.0781718573023, 19.4738081551128, 14.7349197295212, 19.3297094271249, 12.6673732895655, 12.5917373088119, 17.1648764073839, 14.1328670336753, 10.2306724892113, 15.3562050507313, 16.1495765925763, 17.2652423779765, 15.2391468531559, 11.8409726937491, 12.3134811085055, 13.4742027368638, 12.95370450198, 13.4663245936755, 18.7249587043704, 11.9187760268922, 13.9931370126404, 10.9764337375534, 12.1521739767782, 18.0893128391365, 18.9587370642401, 11.4456126235886, 17.7654196652328, 16.7770329360713, 16.3830542282826]; 
invcost = [4.63977970755114, 25.1372483573982, 9.90149680031932, 5.18263532765772, 15.5098279336327, 0.670360815668053, 2.43127758603657, 14.4199837404916, 8.84147864781336, 11.9255637415357, 6.57687689444443, 18.3068539379169, 8.250927584671, 16.4221300002035, 2.27973231761749, 5.66602948301189, 1.49236214274204, 9.49354969984489, 1.12475135389825, 1.6974199215538, 5.36538619327828, 4.41726956342524, 10.4790274715937, 9.13345807973287, 9.32992998190435, 16.4114044452575, 11.1292332865755, 7.83944572736, 1.99661969410597, 6.30413329301122]; 
A = [380.672322557079, 624.524584569853, 176.533661930746, 751.989797003212, 558.382538321159, 805.566609060823, 695.867326247976, 459.973497367577, 829.288096058307, 353.149724458987, 205.674202166205, 263.613059786023, 212.671716484466, 413.047888349507, 355.970668366154, 773.056780728479, 895.135027017581, 878.990164098246, 802.484303071452, 513.458701698035, 645.62527063945, 100.482106453784, 300.897441379838, 682.533559900871, 663.417201119752, 833.674118778988, 292.822609652939, 258.777943689341, 435.563322024434, 340.108060525152]; 
B = [395.563120467354, 656.135278795587, 196.440853924691, 791.649294910307, 566.233021712015, 845.455478551381, 716.952543974775, 480.695757497567, 849.924113793029, 358.180313665577, 222.443476676258, 281.321540368608, 224.483915999744, 413.520482904857, 358.693510108838, 791.426621698206, 927.202404409462, 904.706752490532, 831.406370425527, 541.26952338523, 652.71005848102, 110.326142496107, 314.804157115154, 708.515401704093, 696.830379311255, 834.596841761259, 297.425031645719, 263.501973510722, 458.616765122618, 350.765680339152];
