numJobs = 30; 
invlimit = 90.0; 
profit = [3.14511585804609, 103.397173390573, 43.727916408442, 25.955753133328, 59.7303136086792, 1.65155246770446, 19.6518478343858, 59.2411777508757, 112.405586574912, 45.2816967376401, 35.0630199333373, 25.7191098604415, 29.916803616538, 50.0301913991956, 65.5072981858784, 12.3088814162212, 84.4130183223911, 61.4315556436104, 44.085302029961, 2.35811306757755, 30.2378812018383, 23.4162572975484, 27.2889270547361, 30.0858352977142, 68.0241316709077, 54.55590243225, 14.0638142654858, 14.0399749112367, 26.1525858555922, 5.71269167669868]; 
ptime = [15.5680509257465, 21.3580671989118, 9.57336693649886, 10.1215095307312, 20.2003685620976, 6.64283153217584, 10.3860148074621, 20.9833444175776, 24.0188158555977, 22.1593034076812, 9.04967086186445, 8.5522159966162, 8.58419274780297, 14.5363077790944, 15.0051081637987, 6.9062361010942, 19.7574270727226, 13.5937958097425, 10.7553132697971, 6.97996431619367, 11.2976260701112, 6.68647776941183, 19.9340267584359, 15.1126059652618, 23.162431526369, 12.4419059486128, 5.71789663704999, 12.8091105067817, 18.9439868441191, 7.02449391103558]; 
jsize = [13.8296392130558, 18.8063358781771, 19.9740073020512, 11.8283524215789, 15.3730360177453, 16.1221808995987, 10.0908562747373, 18.6957163652714, 17.8670243358072, 16.7322906372957, 18.117012995329, 16.8631712344044, 16.9238057021144, 13.1845230840968, 12.3657012837313, 16.7304236329319, 16.0505302104235, 14.5321554447451, 14.7626139431325, 11.1758940772119, 19.7091142834305, 10.7232191310137, 13.7794995737394, 18.8770838131747, 10.828982040132, 14.9785539123805, 17.4217623813079, 19.096008489733, 17.5107891908642, 17.1513853301936]; 
invcost = [1.54403166907956, 33.1414509214334, 20.384683576331, 10.4429482270373, 15.9969066460987, 0.571444521578397, 6.37880513809616, 7.99772110860769, 31.9273309883244, 4.86809267568286, 6.23051252383651, 10.6011170350201, 9.85483996317479, 17.0486167719333, 30.4845490612873, 3.910701535974, 10.832735710754, 10.3589136962402, 15.5608304600167, 1.15835448755583, 13.8325473051238, 8.44768311104642, 3.19228336385861, 11.6000943115472, 24.4140327364492, 23.459610226032, 1.41043136286068, 5.50581319312316, 11.1506497979204, 1.7206668430384]; 
A = [450.14609067873, 416.559596347883, 446.993811893557, 310.798660896879, 520.745857470412, 191.385022398313, 373.982730329976, 126.059695469954, 737.245419319651, 584.849356286956, 652.991189320161, 330.854889777678, 772.886994348334, 856.207136125021, 346.945228647498, 720.303535490939, 212.804193074893, 602.950972724801, 261.088916379521, 312.572136165153, 92.0682966253276, 613.165977999782, 840.033553075381, 154.745824168245, 341.645248523961, 160.071224361157, 804.480425652606, 651.623219212275, 442.913608919751, 706.61754259029]; 
B = [460.016270498289, 426.554612632057, 478.671194357649, 338.382435373108, 535.769242701739, 199.906806560589, 412.080120626363, 133.96265308885, 771.041391651227, 603.676717467209, 679.440079952255, 363.460962090873, 794.929326555695, 877.381638854053, 374.032655723655, 727.307699837417, 236.152713961134, 619.216165028345, 299.583357750435, 327.784007875568, 121.427256410257, 644.749401465938, 877.562899095176, 169.383525225726, 348.477341105577, 172.585601876561, 809.842318852745, 691.581212552157, 470.161297274045, 731.74237399949];
