numJobs = 30; 
invlimit = 90.0; 
profit = [75.5720110084154, 29.900415611333, 68.2791273903133, 49.3470229890262, 12.4432813868681, 22.4030804273205, 49.1069543591998, 58.3679084901923, 7.94354935138639, 77.780350810191, 89.1232482505107, 17.7188679591884, 15.7174292272372, 21.5104580866368, 20.1851651899441, 15.8473101096002, 99.7935095542755, 34.0681234017652, 10.28909709624, 98.6827657744858, 16.3609665928942, 32.4763223227339, 45.1854615001076, 10.7125747825629, 23.5689431355322, 37.9104354672244, 10.8115088768584, 25.2847440747938, 26.1612993391846, 26.1279761341175]; 
ptime = [19.8689530286402, 7.7195263836317, 13.8620620717888, 12.4823680128164, 13.293633402833, 15.6269000667194, 17.3505027850191, 14.6234139967315, 5.47182171462825, 21.2107835075822, 22.2779043369878, 21.9195775912128, 19.5753075660583, 20.1459516663661, 5.00427158709648, 5.13624632784046, 20.5710946053972, 13.1044280355613, 23.8326321492627, 20.4561664197981, 10.8432887750359, 8.90182152097864, 18.2182934260883, 8.57257159434748, 10.1031510133658, 22.5925427488301, 16.329720921911, 22.9870705140313, 7.84340735602865, 5.90246038340672]; 
jsize = [15.1635955687679, 10.1514507483657, 12.7144723718117, 10.4623101257289, 17.9882277217313, 17.7647520823707, 10.9615866285042, 10.1038070798445, 12.1698495353552, 18.6719979253329, 19.9495095821383, 13.2717094040947, 14.333868277997, 15.4776700530439, 14.5865764006359, 13.042835494379, 16.3492208903779, 10.3468507054467, 18.4170120840101, 17.6487660420136, 14.6827023979617, 18.3397404683671, 11.9098159815344, 12.5322866867408, 16.8579755124511, 16.0653797937683, 17.7392921440006, 14.8953460722777, 16.2438625184294, 11.0372213136326]; 
invcost = [34.4545350696338, 6.03667317580287, 13.8284575418086, 15.2754162679044, 1.97785768649303, 5.31050937248403, 19.4640397916318, 11.1719760693123, 1.82931497872829, 33.3251894025905, 11.8539559435365, 6.25401683624873, 7.22599326444704, 2.32044442465874, 2.69848075308802, 3.36986768168056, 15.2524083164191, 10.2201289345589, 2.57529231962714, 13.3348044965444, 4.86035604894457, 11.1180167844641, 7.65056177952694, 2.12473397028742, 5.09680112413009, 7.99354352581403, 1.6141920923044, 8.8504041977477, 10.6377132326714, 9.88201068481018]; 
A = [713.610216724931, 727.205388107221, 698.340697707385, 303.716051848355, 125.950583254246, 330.44421101987, 360.404167404103, 590.160559005332, 637.462835100646, 372.714847999196, 664.583344889088, 100.954126935704, 706.323045579117, 868.35493816627, 133.475584934157, 358.675194518478, 118.847665833919, 828.938859328681, 385.789594170386, 490.646679883788, 330.507782574355, 528.114584700859, 835.410332318807, 119.879837948164, 254.569986641835, 849.778077175368, 147.376218454408, 130.737809729747, 979.251495729163, 192.570558509687]; 
B = [718.255941607224, 729.620077917014, 728.199816382736, 332.819501579527, 142.060772033035, 341.3554034504, 366.306367985471, 593.244184538436, 653.529734438671, 407.385448725723, 680.607149950612, 131.725596637564, 723.084865863516, 908.202853891854, 143.988380683834, 384.549115239564, 134.586708814891, 860.496707687668, 400.549604395211, 494.606327217411, 358.744864258472, 531.550387580433, 875.273854206336, 147.259602519096, 257.810076326509, 876.074986496334, 151.5590792441, 165.041692073863, 983.960471383482, 199.873185513015];
