numJobs = 30; 
invlimit = 90.0; 
profit = [16.5980471938867, 23.6107298222488, 34.2696043376404, 47.0507209457533, 24.7579168375573, 116.852331690601, 21.9893246437893, 46.1003617950354, 23.7076528292157, 94.4013505898261, 23.6604574028207, 13.1982381005003, 13.7256234708251, 70.7385911373492, 109.092827695767, 21.0948092890406, 9.81049667931349, 17.7228684517392, 76.2436810443974, 92.8606919548861, 22.2970957809485, 28.7239119926486, 78.1263769350008, 41.1826636047037, 61.2259007912058, 10.1193115556153, 4.29066427226792, 12.9517815207767, 34.3749561959491, 29.182295397572]; 
ptime = [5.51356737386286, 21.9538010270202, 19.0140398118628, 23.4886839844013, 8.26339123513283, 23.69282624766, 5.14900304985465, 15.621830656038, 14.6503349262558, 22.2893516930814, 16.8967051000707, 8.16487106629071, 5.91742200607591, 20.7065281063951, 21.9410069841053, 5.13363004814752, 24.9831835728131, 17.5223394137692, 18.2924528345223, 21.5318707803331, 17.6545018561926, 11.1343293618404, 18.8904343839017, 19.0681618562807, 20.4064369339537, 11.8751350567573, 14.2805321103201, 22.0985016254974, 17.5321250157382, 13.7390883596128]; 
jsize = [10.347309893313, 14.7182444828072, 14.0984738153015, 16.5738038242297, 15.944284946103, 14.2416848709023, 14.4163480254169, 17.3533146850656, 11.3130327169155, 13.8668786949196, 12.8577373089069, 13.1381987631769, 16.8147889260542, 18.5838148204682, 10.5626581873988, 13.5464309659471, 11.7258037991841, 14.8582404434356, 15.2846633178874, 15.5006562041146, 10.443077146848, 11.5841249527805, 12.7013904187695, 13.1944212220274, 14.5288031796144, 17.5895643972929, 10.3636009150597, 19.4699637535038, 19.4203533093522, 12.0045526189818]; 
invcost = [4.35313783877071, 4.10470361565191, 13.4811762205756, 19.9762456192402, 4.1503509709199, 45.924861405333, 9.95477540609229, 18.0797876406149, 6.82813519594234, 11.1960482745743, 9.18331217535576, 3.98595256475458, 4.76209796005063, 17.6903704194857, 20.5312248753233, 4.26949670416182, 1.33489788925563, 3.29924908040952, 23.8548404084496, 21.5556018986514, 4.47553636213371, 9.35838243770119, 8.56638036899184, 17.5755272059972, 12.4006316505899, 2.49278049179729, 1.88095998076459, 2.54597004266071, 4.91948355571375, 13.3436132029847]; 
A = [857.505641818732, 212.995963783968, 617.622692047076, 596.019611308467, 114.926928779267, 707.2953870285, 696.771141063463, 220.352734258779, 341.250521479181, 846.759802195683, 317.576200455925, 700.665256741698, 777.864308779764, 732.11336641803, 626.194636333206, 871.737152191937, 489.251320895137, 378.838161136395, 814.698428912107, 369.546627836708, 643.745633355239, 663.862694698363, 576.224686538823, 665.554507353021, 636.767566871281, 219.007813070796, 356.417884730822, 403.30055473963, 212.742466844941, 907.092933361733]; 
B = [873.663000858695, 226.345352080143, 646.776509532866, 623.302466602836, 147.832041624555, 708.472313523912, 712.16568730114, 238.454443010431, 341.830799608887, 856.809249549767, 344.268183342378, 735.929088910739, 795.026930623573, 733.875224492514, 643.768816296236, 898.736281471362, 492.342977633001, 415.180020680284, 849.154088314717, 381.782987561009, 666.42816710602, 666.867747820794, 598.327588904399, 687.181956300292, 639.526276070213, 257.994743438184, 387.539058935267, 438.112813715603, 246.878387379023, 931.945975786729];
