numJobs = 30; 
invlimit = 90.0; 
profit = [46.5346892798631, 33.7730707335303, 9.07079994015935, 24.2328661095138, 78.0140419760795, 95.9770681191169, 36.0781894195403, 9.89981816955152, 27.1362125949826, 5.95737237274913, 53.1105682792555, 2.18475535970742, 34.6263231224735, 35.385326229032, 49.9028014166003, 8.85949198289712, 46.0829617402906, 81.9589776432623, 34.5014072665013, 38.7816307898654, 23.7745176829738, 43.175994276975, 37.7609316470681, 63.9599051624197, 56.7875026371479, 31.6200692933777, 52.8346430735166, 5.37114067497815, 36.5606153506881, 20.9686198142866]; 
ptime = [12.0788558602822, 14.5112221077582, 14.2959616305832, 22.8698652143605, 21.1839126355652, 24.971364337325, 8.47481407383489, 12.9037577540676, 6.38063296169693, 11.5892797889495, 19.6311185378872, 8.3675716529537, 13.5652550771441, 14.469225206371, 21.3399748099999, 6.76009046967715, 21.9397634481031, 16.8980129639488, 19.858077782009, 12.677118811355, 8.66936789809221, 11.162902373374, 11.6313040601116, 13.8780623572645, 14.8461855704501, 9.61026087299789, 18.4710543461687, 17.0736107802443, 10.0982945386726, 20.5432208614635]; 
jsize = [15.0775014452912, 12.6869314036986, 19.6400592360012, 10.9911739248741, 15.4775655424266, 17.6890430730648, 18.966473580913, 13.9627396994709, 18.3537097241052, 13.2611649849483, 11.3288505621611, 14.4295059211469, 16.5898074295831, 13.8016420470186, 16.4838459825506, 17.8306036525791, 12.8595526966404, 17.8518426102386, 10.9634368362921, 16.2692714389068, 17.4881838310736, 15.52524491719, 19.6646194633856, 18.1625583338145, 14.873049095254, 10.122366232731, 19.9822933843541, 10.0305153807527, 12.89165394646, 15.6440104150795]; 
invcost = [20.6102520290743, 15.5363096820643, 4.05605743492711, 8.98390180628241, 24.0738368236432, 18.6529349455324, 16.0854728393619, 4.8126552599137, 4.23230064771009, 2.55527882897465, 11.3295663566979, 0.491993315346571, 15.2211208116735, 14.7205587944126, 6.44570021007242, 2.04106988893475, 12.2919225727752, 27.0272169756092, 11.7508843679247, 18.0915902813361, 4.65801633751827, 20.1548332319456, 7.55240883214446, 26.5233190662409, 16.8590733652745, 10.8435416029603, 20.5170826884282, 0.624398936634614, 16.4921506116748, 10.3526268131298]; 
A = [430.132548839315, 674.534191299726, 863.775230528355, 955.198958906239, 156.377383700703, 316.513738561706, 874.623919007596, 589.520224351383, 137.441513763139, 116.351167172099, 499.994722430273, 769.543233171002, 862.827225581211, 568.987524404707, 856.214709183398, 637.540999319088, 706.982891487745, 442.08138763934, 95.5437870741109, 696.885598128923, 179.636608195168, 439.103249167834, 736.471301933348, 169.726910568991, 675.68536858008, 278.242615743362, 532.032557111016, 523.237193122082, 665.977768462651, 103.106005765209]; 
B = [438.90768899771, 691.06932150465, 883.879330175311, 966.03603233981, 159.38109464732, 325.571803504531, 875.91113896743, 597.43848292864, 162.874053133456, 145.874001700447, 533.333667686589, 776.938307743475, 885.207081072594, 596.327998316683, 871.288914926731, 669.868670665061, 718.897580797813, 444.655957735503, 129.309746788711, 735.402140334377, 183.811601155859, 446.669339557784, 756.20621982685, 193.236555761443, 693.662039606064, 286.873131230908, 554.310535649134, 555.18499779209, 696.735008771557, 107.428384839624];
