numJobs = 30; 
invlimit = 90.0; 
profit = [86.7669682117522, 23.930088850786, 47.9141337852958, 14.8897796536072, 11.5415856612545, 73.6059709201149, 35.5701379304491, 26.3043656964184, 93.2846183746886, 67.536825421868, 9.50491663791563, 5.37766133398775, 20.0634690245687, 62.3465855284158, 23.1196657137941, 23.7035612857715, 46.877416270364, 47.2398402398355, 74.2077714374417, 76.585106039763, 15.0177826005446, 63.1723761435745, 2.95525786034029, 106.212655325476, 39.939511425506, 41.6949069147321, 10.2678941712124, 51.5878263622703, 66.5302416267713, 57.1509929839984]; 
ptime = [17.6634579242343, 6.6345081276098, 14.5482139568791, 6.2362347424061, 7.14535219871864, 21.5847020610014, 16.0253933818929, 5.26630751103993, 21.593970670666, 14.7485452499178, 23.1187132499105, 5.23194132918806, 9.33750674029221, 23.581756687008, 23.0366453257103, 9.46238985535255, 23.0965290204812, 18.4853529761635, 15.1587107601071, 23.7437983755287, 9.88589958902082, 18.0170049026212, 8.36491732663642, 22.5021523482121, 21.7916546823836, 24.5220818488738, 19.7629185306562, 11.3834739533416, 19.7840025347016, 11.6222241287802]; 
jsize = [12.9686895664014, 18.2040762404921, 19.8454521419095, 14.7638902988933, 12.0480400965617, 18.7727179582321, 14.5347893222019, 14.0378649895032, 10.1721151399616, 13.2483364684771, 13.1389907405432, 15.4654503539895, 15.2914202353903, 19.3591170747594, 13.2787415713377, 18.1423421218476, 16.5120656110263, 14.2000571257071, 19.17487899067, 14.2131397931239, 11.3611711456858, 15.4336536242475, 15.844593458354, 13.3377748541747, 12.3282673016862, 19.4452545615829, 14.8114626179294, 19.9960333697661, 16.7878174057224, 16.4036538147869]; 
invcost = [17.3181682190815, 2.67382355644473, 12.1094603061747, 3.22396415817454, 2.48242461757017, 9.58926097927373, 16.8768898133866, 5.21420668919646, 25.9744186281338, 29.2598465822708, 4.36435504766491, 0.972287618242778, 3.00545926406677, 28.1992528133771, 3.56228927096125, 8.46447409882029, 6.11784488629082, 16.7016076806702, 31.4219912491752, 13.5290942186442, 5.4449439973605, 12.5909419174044, 1.37243396066035, 23.251424901093, 13.8109531729539, 8.83980425013948, 1.66974927941826, 15.8503881594265, 9.06282217527963, 23.0725722723931]; 
A = [747.542773278723, 1057.39804345207, 486.564441996696, 480.969177226831, 576.21592477136, 1107.0804468405, 608.418573892377, 574.248891696745, 741.854790814057, 1297.46037745579, 771.386033472605, 1292.66555562471, 750.614038070053, 557.955249665753, 697.160137325188, 1005.26060736343, 946.777870222124, 1087.15051038311, 714.98774718212, 1017.96002197174, 1280.75576269644, 1160.17370291762, 513.45352836222, 559.782390926697, 1124.44818871512, 721.690724159467, 1252.87712727851, 933.41272920821, 757.031281443281, 1251.7455660128]; 
B = [764.847091028277, 1059.90663209914, 514.224222210561, 501.259616388753, 616.035994939992, 1128.24801278873, 636.760769009152, 596.211117349599, 774.477383100329, 1307.39203634895, 787.824969054854, 1318.8208124942, 788.183298693306, 574.260276556996, 733.997766139993, 1020.26787635016, 983.042323511354, 1093.98689536374, 752.225021090966, 1048.03877605943, 1289.67195163155, 1167.41323380108, 543.233364219591, 580.09544545617, 1128.19521481056, 745.728398269112, 1258.98782045526, 963.068921034923, 761.982075327753, 1272.74057921492];
