numJobs = 30; 
invlimit = 90.0; 
profit = [41.7488414864105, 44.9661897825138, 20.3848717560484, 101.736349363511, 87.537999396239, 49.941007239013, 9.90330668834202, 43.5276130220306, 29.5117307791355, 47.0007106431793, 72.1763245555854, 63.5038231249505, 89.6631235904412, 9.27811234311606, 60.8024142260779, 22.1784420960555, 40.1762755314082, 6.16313452571078, 96.9977482928446, 24.7669640711502, 21.0913608821316, 6.33484313705446, 23.9899765409745, 56.7552501967801, 28.8930926870007, 79.6711147024204, 11.186355132126, 54.1303371905375, 27.6441500108968, 9.49027140919827]; 
ptime = [19.5759625175419, 23.3400239109388, 21.736621703069, 20.81031991394, 21.8845452728304, 24.0898110807811, 5.24829273395546, 9.23361365710264, 8.84515106043954, 13.4706617113088, 20.8820831753223, 24.6427665854474, 23.5792189137268, 7.18082407852737, 15.69764907262, 6.71685934639461, 15.257889303945, 14.6493261467668, 22.7196390008013, 5.98892668035021, 22.4157757294578, 7.2258440899109, 10.2762198519696, 20.5431261111099, 8.46332805503692, 21.1124917479079, 6.15751799189008, 23.0074131057374, 5.6183211731125, 5.12660563060928]; 
jsize = [10.0506707484029, 12.3768996717259, 14.4144169338564, 18.6627870124203, 14.5824893360961, 18.9762489616069, 15.0988945689883, 14.8459547840336, 16.2678203115839, 10.5560615439919, 13.8616576217745, 12.4569042957728, 13.5012569824423, 19.383176199519, 12.0951853449726, 12.5866254826906, 15.3556555010765, 11.9922610150429, 11.9264738799463, 15.5693996890669, 15.2560492802027, 10.8306571636643, 10.9695095718826, 15.8654314216961, 12.7889764701263, 17.8245813550589, 19.8149881452926, 13.7432402350344, 12.7934538203774, 11.6775858183854]; 
invcost = [15.5875748570535, 5.24881518472322, 3.03232689805926, 22.8616756288767, 19.9101638014928, 12.8271026120872, 1.65989933953481, 6.44756056580012, 11.3300960003557, 16.8015939020146, 18.2390946845974, 6.99735327676975, 27.1882735123936, 1.72399131470235, 14.9619083626543, 5.56423456688721, 12.8279704954298, 1.95352351075348, 22.1422449360762, 9.60084099311752, 2.25337150649249, 0.832963623474049, 7.67697151927495, 24.6321069107811, 12.1667970252482, 15.621277429612, 4.35518903944432, 6.88702102061028, 8.83856350669509, 4.63683366735454]; 
A = [736.781889342859, 1011.13722915042, 985.030387940459, 458.753375210035, 852.626512365008, 1303.66086801306, 862.112402067008, 616.063142582968, 1219.21220394081, 726.679714015865, 1077.081059984, 805.020766976431, 833.034324876351, 916.96124204378, 825.150477058721, 646.902224727177, 1001.38528529068, 829.960330184157, 1116.34014336382, 637.887515641194, 1107.58954697499, 810.214381514092, 1145.08615699217, 709.108164112697, 982.220656023518, 1168.2082340365, 517.283500506738, 1334.65388876914, 1083.73489151198, 818.825079865925]; 
B = [760.732297217412, 1049.43619763938, 1017.34673842656, 467.152124067957, 888.501835013003, 1315.41254450959, 868.527802007874, 631.371836293592, 1253.93327585867, 727.399703351049, 1113.55400495782, 807.63106257999, 841.983922677796, 924.104281333326, 844.988320029835, 681.349582164886, 1033.38144511363, 852.097966215781, 1154.68993316356, 670.750960533204, 1146.12140809604, 831.135608382618, 1182.1595541716, 736.089829801299, 989.20192486054, 1190.6562068957, 528.316613267337, 1346.34773512003, 1084.10027116301, 852.890928672839];
