numJobs = 30; 
invlimit = 90.0; 
profit = [10.0243976257717, 81.3949085280722, 55.0688487318323, 15.4958988846253, 56.6383103350761, 74.9611351920202, 38.7360232072514, 43.5233208736278, 67.5361083804713, 20.6909066567925, 7.04329056337554, 59.1015726465648, 34.8256972979145, 56.8635391787177, 26.7128519429464, 2.60396742201645, 111.116464324583, 6.98496092573438, 47.6294313999095, 55.3299490880046, 19.825327321149, 6.69752598194914, 22.2061549140547, 9.58541129412774, 19.2871410865716, 31.5486113599783, 18.8157301032131, 37.6683979019815, 59.0509412570461, 26.8500171763974]; 
ptime = [9.2231378668, 22.0989755203208, 18.508501569091, 18.1745391688944, 19.7899152123768, 18.3389786242955, 13.6984424201059, 9.71228953775745, 19.8622492096924, 18.4306206301885, 7.16821411587897, 16.6268302019297, 13.9407477995253, 12.0545120217552, 15.9536474422822, 5.6434978331711, 22.5346711771687, 6.18546662862367, 20.3777266482813, 16.8757738300749, 8.91911272400931, 20.0132999060884, 17.9815684257337, 8.58238811192808, 21.5494939924601, 14.1030279315083, 16.3092209148679, 14.7613097975546, 24.9781054093869, 8.42470642746172]; 
jsize = [13.1475883625517, 11.9395854072187, 15.0646357577404, 13.0994161604225, 10.7706178294893, 15.777540839873, 11.1120898924525, 18.2429790422143, 12.759476625138, 10.8920691302278, 10.1793524953811, 15.3546665908822, 19.1484745411109, 10.04842705169, 18.4047476235942, 11.3022456351896, 19.7439633031214, 13.1018412570924, 19.714845245162, 14.995261689427, 19.2852733496533, 15.0311408572667, 11.9741916888968, 10.2405887499085, 12.1971481988047, 13.671382542484, 11.9743344353017, 14.3544475962798, 12.4939127117092, 15.342738506277]; 
invcost = [3.52380932653074, 26.4816287861861, 9.13333725698872, 7.2147526021847, 17.9059668946145, 35.8668582303626, 10.5125811908027, 20.5750577848299, 12.8157406678457, 8.70317534425106, 1.63329309281739, 19.3822997267166, 3.52752065935325, 7.90159005089911, 6.92785062553967, 0.73386971260646, 20.3113442117804, 0.720521741741121, 7.0530667964602, 25.5119767727206, 7.75221764142599, 0.742617495779967, 6.94674088203212, 4.52494160534023, 6.74017611151352, 11.0708035180448, 4.92625485178243, 13.8935903112849, 26.786697894208, 7.439279423944]; 
A = [492.519737423851, 562.866566622681, 505.594381236911, 693.683585372002, 1224.8672352778, 1318.25446616305, 681.887764210322, 733.398975553894, 1099.94289174751, 1062.73171044674, 1141.30289876105, 944.358492581405, 492.772974177996, 831.704557788292, 626.204899908787, 1252.6709759089, 1023.05105231557, 633.931207347032, 981.277077224073, 1126.96376315985, 504.20546998959, 561.161291516345, 569.207807419015, 1208.64213296135, 938.260538814796, 1241.62416021666, 1198.18835876508, 911.270245535126, 630.268065679096, 688.593862173103]; 
B = [500.550909161993, 583.698708033496, 507.59830310412, 714.325078697009, 1259.93058028695, 1326.32221310718, 704.51327307513, 739.706574482378, 1134.10829593494, 1077.30565428957, 1179.48716785986, 949.15686440155, 499.192926908954, 856.98487786794, 643.903938620022, 1272.63834034107, 1042.4934168799, 647.820822147344, 1017.34224729014, 1137.75060339109, 526.368858010974, 600.669068562703, 596.40442491106, 1243.70066892047, 948.821841456919, 1249.55589273554, 1207.47791387527, 941.056372175424, 637.577792112436, 697.641246020774];
