numJobs = 30; 
invlimit = 90.0; 
profit = [48.694327400516, 2.84872038032351, 36.2852181160009, 14.1970935028903, 44.6031821617126, 11.9767361754765, 46.081345536293, 29.0721098098782, 29.166322574607, 42.89284246245, 27.0755312899068, 4.0213396879968, 31.9510406974519, 47.4692836401319, 66.0823360571308, 20.779551985417, 56.7147300065494, 23.588322513183, 81.0713188075175, 22.8905119301303, 91.4547050970181, 28.5544239774558, 14.8659505873273, 18.7462309890528, 78.6324551248395, 26.8557703146166, 47.1332547236627, 48.4701355363188, 23.3167728371141, 28.8221325629153]; 
ptime = [23.8773308648593, 5.32341075431848, 7.37978750474475, 5.97527435899452, 17.4377404671088, 11.529099942185, 12.5277953473029, 17.7702187115275, 13.7109521440929, 20.9021618912409, 18.2173170224588, 14.6938131055582, 10.1120267220441, 12.5874368643535, 23.6217826346107, 6.89090740541102, 15.5180049427808, 19.6996480442128, 16.4039735775153, 5.68877000882035, 22.9888378589295, 10.5071226696512, 6.13509087139469, 8.46957160036596, 17.4956273268666, 12.2118630748936, 21.2718854561475, 19.7568707399135, 13.712079845189, 24.7633533758058]; 
jsize = [19.8844376549211, 10.7397549906881, 19.2007130611546, 10.5354190028951, 13.0497925356166, 13.9143104749112, 11.5141479505843, 16.6673834679307, 16.2034029738971, 15.3313001647852, 15.8445498839641, 12.2477719164656, 13.5586863404093, 10.8440242806735, 11.2470144254427, 17.6351912291819, 18.2431537360956, 17.0425334725016, 18.4797225537265, 15.1856692875478, 17.2865976983172, 16.6213099017257, 13.0197670802084, 13.8859145747266, 11.3973070437108, 11.0294092811178, 16.3037301501008, 12.8150741264007, 12.5755941773267, 13.562577370441]; 
invcost = [14.8106486940226, 0.796949885914422, 12.0577451011483, 2.86494642940656, 14.426510003908, 1.57199029801855, 11.4505074249368, 9.23361669017387, 11.8184750902662, 18.1655979425261, 4.40541940133078, 0.68561048657099, 15.8889443934125, 4.96629678954586, 17.6008450386194, 4.2541313684444, 13.6113208462797, 3.56476643871398, 20.2989204120403, 2.35651376547912, 13.0069282902683, 4.84516310834525, 5.41452980674761, 5.28656299105433, 26.3219121664606, 13.0530268019032, 12.7930558253803, 22.638521260616, 7.49113117333483, 10.5937528195844]; 
A = [838.706213115882, 484.086366644036, 1136.7652757444, 1181.81221553324, 1186.58191169804, 1304.81439121604, 1212.19351009231, 509.594947188088, 776.665570822992, 1281.71922250344, 1249.22730585631, 1196.98889866676, 723.631532473132, 1312.05031154669, 888.769702910159, 491.14399760034, 656.335008129751, 1058.20729364737, 1029.57288724218, 1035.49382417191, 1314.34603577681, 575.800964337062, 783.863504448086, 1171.75390691838, 1009.95337544127, 1171.79562206146, 1138.72578339928, 1294.34364453945, 1129.95346577007, 889.68928571843]; 
B = [851.296854784914, 500.721849254884, 1145.18381090464, 1219.86710293545, 1197.78462270999, 1325.16026225917, 1233.68755791141, 526.792462027151, 784.409855212764, 1299.95707924925, 1268.49470874396, 1209.06096617668, 732.579992182576, 1315.79232393853, 907.274686199259, 513.922905381839, 691.884785672639, 1076.21672409597, 1064.05562440948, 1055.66838493901, 1336.44857525679, 593.942097775699, 819.786143130261, 1195.30487886142, 1011.24778911627, 1192.09004153426, 1165.05748079164, 1321.42709991842, 1145.32568503006, 917.303703878038];
