numJobs = 30; 
invlimit = 360.0; 
profit = [34.7873128021491, 101.796295168546, 13.742952791155, 14.0606164599768, 11.4503115035082, 75.8706144740701, 20.5979586905823, 34.9578343147193, 32.2654276474072, 13.4985822980533, 4.519864739236, 14.0114072904754, 7.46883575173566, 20.3499068010379, 81.2888405642425, 93.4390419284765, 92.5909922841028, 100.898035307715, 57.1732762315917, 68.7340677844687, 99.392903906989, 28.7279496706947, 27.8274642554492, 61.918512700761, 87.3220447009703, 15.3768615944712, 105.880521187046, 30.4949076885787, 32.8069526151914, 59.0700922879767]; 
ptime = [16.3496777834472, 21.9603344702737, 7.20573087858546, 10.9675929446743, 6.61840390771264, 20.4732052334266, 5.83024658286215, 20.1852067765522, 13.891341450521, 5.15608401878249, 6.30428242281957, 16.779546501303, 6.78881814158067, 16.3613294791298, 22.9124995743167, 22.2607811008248, 20.9224320954696, 24.6086393548605, 13.1704466040709, 18.5289238723502, 21.0002563959718, 10.9507371422571, 6.87533914895348, 23.0812523673437, 19.2573407205398, 16.9225988729198, 21.7011351779071, 11.263909943278, 11.7269992644667, 12.8632690912551]; 
jsize = [16.4012352400328, 10.4567770765497, 13.1661620805136, 12.3655482935708, 11.0346409933165, 14.746439298943, 11.4568494155491, 16.4223643704147, 15.5817527322987, 19.9247281265633, 10.8913046666344, 11.2431505660398, 17.6660427606931, 18.2151381848742, 19.6508027282883, 15.8693272680524, 18.6431562753701, 14.5686866619132, 11.7251955124123, 13.0323482592399, 12.1338796087161, 13.8364901398742, 14.0929154598745, 17.5640540824154, 14.4166840476642, 14.7002166098891, 11.5550299880203, 18.6019327025623, 11.895904199329, 17.9138571663614]; 
invcost = [4.24409055512967, 46.5577621699656, 5.99412520288374, 5.8445114336763, 5.32348035939703, 9.80916368591407, 5.93581639604795, 15.9368782243841, 9.63553629678989, 4.18460577201557, 1.81919288262603, 3.4917390772912, 3.05391772760821, 5.7608060421849, 17.9456456911135, 12.1069298434682, 15.1372906658252, 48.5340342295923, 12.469466018582, 8.89306590932723, 17.0042592087976, 7.64750365707661, 10.558725932158, 9.19090916747456, 12.2680509114546, 2.30993054356798, 11.8712215178904, 11.0247094073981, 9.29639536433913, 20.4198508877345]; 
A = [354.420213477355, 351.975750077566, 138.487128241202, 193.827069357989, 339.958458760954, 246.368786187738, 298.478673089027, 190.856028448259, 330.747086421095, 309.779562657917, 348.786071766568, 189.704979509894, 363.225591947672, 252.79303091176, 90.1931187546805, 177.49279801939, 200.25504713363, 196.527049339014, 197.677476606891, 148.824790596764, 175.673856558306, 108.863507402181, 236.529193796157, 177.9411443726, 345.358780090842, 264.768027611338, 124.859827683161, 91.4841183843392, 125.610324157425, 222.975135062971]; 
B = [357.221559421937, 361.982972049632, 165.771017547351, 211.214650193726, 352.689366073668, 250.318170222698, 323.984429547394, 204.108393003863, 359.249540007921, 343.119104471757, 376.704228728796, 214.76369489351, 364.108556837657, 281.209727566213, 91.2216890780789, 199.560878699959, 227.414100759087, 224.818852374588, 209.308032834631, 177.105607876381, 189.971996270161, 129.62300021952, 275.092958962901, 198.428458649107, 346.471783778139, 269.420066894591, 141.720793479069, 128.968116469668, 126.708108340592, 241.91158761058];
