numJobs = 30; 
invlimit = 360.0; 
profit = [26.3025135157973, 61.2054344315154, 22.8181077262674, 28.1486651198161, 1.91369687821038, 34.2366062498751, 55.1885369827031, 66.1359061305301, 38.4347237287478, 12.8850708568299, 17.9213866662533, 14.2363010074868, 71.9713962628826, 8.49153772282006, 14.0345216566813, 26.1182219498588, 81.712947000261, 19.053139214965, 69.9249321354668, 36.0747151040767, 86.9102688023366, 28.1513744911141, 70.3651060974575, 27.9285663017149, 46.4661370637671, 33.3282747660055, 32.9773208414087, 12.5672237756899, 64.1633669205611, 5.82616547248058]; 
ptime = [11.0183225579645, 16.2503448990725, 10.5413914163379, 15.9002695084234, 7.63402644975224, 7.24747229013999, 19.5264888344918, 13.2345226346471, 23.4661815951816, 5.06867368987767, 8.55073665496086, 13.9143809479847, 14.5369540237126, 6.29427427747214, 11.5693603995562, 7.05809191099887, 22.9258484182544, 18.5705280742168, 24.2271062061166, 17.9678796176145, 20.0913029782007, 8.46283813385928, 16.4179280837094, 8.36562184051788, 10.3173781207104, 11.8195232989041, 22.4600908247558, 22.0512896192506, 16.7970514274885, 18.2298278611736]; 
jsize = [19.4562212563936, 13.3414737758757, 13.8817551803366, 11.3564832474818, 13.6358534870853, 10.0733131591701, 14.0519150063128, 19.3837642967029, 12.9896464903285, 10.2876812371105, 11.5782299093306, 12.5811238886033, 14.7156323459777, 12.834469704438, 17.0094701097619, 11.4936887032823, 10.2195287426495, 13.8082890761969, 15.6804862948595, 13.5048296833329, 10.5979105295586, 10.4678617046424, 11.9757262557373, 11.8425597911011, 13.1651594136341, 11.9239492013626, 17.3360785104747, 10.5225466098785, 18.1816848688167, 17.7938162379564]; 
invcost = [6.04524652426912, 13.6018081541669, 6.83094876697869, 13.3012493462317, 0.923367599456674, 6.37018404615834, 26.2085671540492, 27.2536465405989, 17.9082787185896, 2.59628289027719, 3.57456221198163, 4.00906410153105, 21.2325392366995, 1.938513915131, 5.60818564665755, 4.50411023773833, 22.0368317666779, 5.81593462104382, 27.6181225109324, 4.01071269122556, 9.18271877972968, 11.0366955949019, 21.1089145632568, 6.64735168180641, 5.05140593501085, 11.8775466481576, 6.91072762995157, 3.83146689560961, 8.32207082325188, 2.29888432775985]; 
A = [118.406478759454, 120.047836392627, 128.602128423143, 366.242461525245, 296.283565509329, 107.387595583095, 249.580020414882, 320.454461332073, 282.107299496668, 317.949694210345, 358.425735921749, 341.611549443418, 322.547207771966, 189.762487436806, 192.357175234396, 297.438881516137, 289.712528529706, 287.225513410841, 150.63710035096, 325.286103542502, 361.924546400936, 105.02629537017, 189.189286274862, 153.021085673333, 110.254188140091, 184.526260430141, 295.875081716491, 132.401282340575, 90.0415505692724, 289.938121961698]; 
B = [138.945570607211, 156.236237684087, 132.571021173808, 389.159181533827, 322.700956735902, 118.927471791321, 281.529314668841, 346.754138115635, 315.968892451189, 340.867394610092, 384.439671793728, 357.987451278452, 325.787072245567, 205.192619259771, 224.169575630212, 306.582022358023, 324.715983491186, 321.874906986252, 168.60503747628, 347.670446347959, 363.620106067414, 140.764671549942, 214.621672780333, 159.668036999569, 143.620277040607, 222.010520414797, 325.402862821318, 157.788922532301, 101.975795554837, 315.652565672856];
