numJobs = 30; 
invlimit = 360.0; 
profit = [38.7732297631775, 18.5141152814905, 24.2749168370226, 16.2785180599615, 16.5480404306911, 16.0665733717333, 80.3165562406367, 23.3432959658909, 62.4008693793103, 48.1946090749552, 56.2983680901108, 54.6632538783657, 99.9307781086974, 62.6117269587496, 13.2544701495692, 5.95943193830513, 10.280196376244, 6.57911362255784, 7.95243354867398, 12.1763591630833, 49.9623306012621, 10.2848819555972, 10.7020644391904, 58.8548880702437, 14.3218220887192, 41.9815325754845, 13.4668665439116, 57.3897840547399, 1.88237837132224, 4.58959484314813]; 
ptime = [12.5901808250824, 5.74310344037117, 21.5875549415667, 6.57215197436487, 7.64902079579445, 10.1344230684763, 19.2756327723871, 19.8421431723478, 18.7975444180894, 13.8449313444352, 12.0559617853205, 16.816072573763, 20.8058314197589, 21.5278659048703, 6.90302017214035, 5.9125125349047, 12.9993277778973, 7.27078306158635, 21.8658385928668, 7.79053232827621, 12.720913737457, 5.14174906618923, 8.39878373879605, 22.3833338896332, 9.77976515109668, 24.8755726552594, 21.0444170214577, 14.8565394832948, 5.11736295255115, 6.20917020575387]; 
jsize = [10.424253979511, 10.7624301898297, 16.7899311753823, 17.5797530795976, 10.1936131402053, 12.6360851521445, 17.7339402446424, 19.1815398174395, 12.2289853136603, 10.2273936318138, 15.5404354933454, 14.4831899890114, 11.6191191442199, 10.7590788509402, 10.024884088946, 12.0113587615951, 15.4078079582639, 10.7484532681054, 10.6962591488828, 17.4735105480464, 15.1713290586374, 19.9326791561608, 11.411712154723, 19.6619124879327, 12.4128165447706, 18.1400201387519, 18.1016361643857, 12.7467188621116, 12.6340317696156, 16.3042637891654]; 
invcost = [11.5735498436564, 4.15866670435386, 2.62321465505904, 5.43608251369454, 4.06049091138236, 7.38550257379308, 34.7201550374573, 5.18468750239744, 12.4915323342961, 23.4296571341949, 24.1796571918954, 11.2218736671153, 47.46958035031, 22.178719399015, 4.93472996431165, 1.48860713089556, 2.3683712985046, 1.44166294896607, 3.0453426105844, 3.75246412327886, 22.3623385090739, 1.90164181491951, 1.83138798533888, 28.5665166658876, 5.20219679224804, 14.0659189551263, 3.05253293619794, 15.6304987455193, 0.711471984692296, 0.876802353695873]; 
A = [302.988546896556, 306.462847400133, 356.402175043338, 290.420077200134, 127.326511822552, 102.836494395789, 105.553783861061, 128.990513484193, 197.813108736956, 125.258961906239, 152.550421418657, 221.505434305165, 175.865204571924, 286.981097086846, 282.910981040728, 296.010412290816, 171.978406705383, 137.484161338381, 247.206852846885, 156.861998734547, 146.838084447775, 303.274259166519, 132.171851264495, 170.331364809972, 374.622075536145, 262.471504124765, 113.858086705529, 368.416333077968, 218.808082257978, 304.374110938712]; 
B = [307.365867499791, 307.089425982673, 377.300718469712, 323.157064655599, 152.827655140671, 105.321888647464, 108.198550022051, 129.976853294579, 230.573961817229, 135.092190789515, 167.628100113976, 228.255672730757, 186.668397448537, 310.777319688155, 312.804877765999, 324.160998413182, 199.143894649888, 158.023579263692, 275.358039899436, 194.764238662995, 151.071551734057, 336.215107353798, 169.728078884206, 208.49523873556, 374.865639397818, 284.302883964282, 151.9378659035, 375.580779124768, 248.024672200251, 330.208606801487];
