numJobs = 30; 
invlimit = 360.0; 
profit = [13.3732873632334, 60.5297691809148, 92.0313957464182, 26.9507025056415, 19.5579746941431, 33.4714961254123, 60.7572187928754, 107.348042903705, 26.0182084277033, 63.5919303012712, 57.0755778538642, 4.56886061940321, 19.3390000910402, 10.2087521113908, 105.711442715358, 37.1491212826393, 68.4418253643508, 21.2316914983004, 28.9792542515929, 14.246963235262, 19.2684164976207, 40.7529268877641, 36.1612976525062, 5.56702543803822, 54.2791976162283, 56.6599496695443, 51.9268114364102, 31.8389309665609, 30.360628761104, 73.7163937752535]; 
ptime = [7.20478049166961, 12.7309009594237, 21.7969589785023, 12.5816221396984, 23.4902543605216, 18.0108245235975, 12.8242068033824, 23.8575297555854, 9.05712307719801, 18.8709578317445, 15.0459194024335, 18.1461676982157, 9.50114535679023, 24.8635863287812, 24.9575588210955, 21.5780681345277, 14.2739307242678, 10.4116828288143, 6.85775528765513, 17.5171227961233, 21.9451126319845, 10.0241604542103, 14.2730117436515, 5.09087001818913, 17.1861562528464, 17.2106911016109, 14.0790093362244, 11.9222355789664, 17.5302175652438, 19.696827731257]; 
jsize = [15.3425824086204, 18.2391713870818, 19.5767982136391, 13.1584500081007, 11.2389637624935, 17.0502239566012, 12.1144828358581, 11.9796853166172, 16.9281531518338, 14.9304863267374, 18.8653557909395, 19.6824602981043, 18.2010896872916, 18.8389658407189, 13.9533218053869, 14.0446459947943, 12.8910445606979, 15.6058559412492, 10.6446930820969, 13.1068794232555, 14.1993604269524, 18.8802315169395, 10.2944016909196, 10.2535785750144, 14.7943643413749, 17.7792152343051, 19.8162735330004, 15.1615895347893, 11.6400399400917, 19.634662339533]; 
invcost = [2.98570753305005, 19.4505446618813, 21.3026862201932, 7.37459492603316, 5.10820601372627, 13.8508891463865, 27.0175709253082, 50.7349594601811, 5.12319560101737, 8.40040526669598, 27.2743413328312, 0.631318344163909, 3.56158097763337, 1.49177297239361, 40.7533001435337, 5.93494040121077, 23.2270981909285, 5.84957078908352, 5.29174827362645, 1.80272194443038, 5.11197732635145, 19.2091317730404, 12.3879814439417, 2.68524612098609, 23.7390046090521, 14.6755359665143, 22.1841933162943, 8.03088248355095, 9.90009867214288, 27.1240790576331]; 
A = [129.847339324305, 299.048051124433, 133.592877471221, 270.415006192337, 307.873551040035, 281.894925040875, 175.182932639173, 305.886927936944, 165.773604074809, 223.518585590972, 269.357232463179, 92.6106357730634, 296.068260981708, 296.171942736337, 95.5975978074174, 332.558729472577, 263.42130116179, 170.223351967727, 182.506216775882, 139.69343248008, 183.774230515338, 367.437661418902, 368.629059597506, 263.997531086676, 109.012791354252, 203.322191129557, 194.572244203355, 155.531749549198, 337.827891549651, 326.360403981193]; 
B = [162.750007446565, 329.107679496987, 163.261132376751, 290.074524273577, 328.606916782278, 299.575200637976, 175.238041192329, 309.657565430128, 188.51806870683, 260.818475178583, 278.375254324766, 119.924062295842, 308.415610129106, 296.522942704008, 111.960347387613, 367.579070702907, 281.473955718565, 170.837694420191, 206.8123565575, 177.859171063626, 183.783338904378, 380.173970531854, 375.845707446476, 264.872197639088, 120.882156406467, 218.999000559214, 223.89113287963, 189.030160517373, 350.992812452744, 327.714730523179];
