numJobs = 30; 
invlimit = 360.0; 
profit = [19.9658183699095, 41.791579541585, 6.21232463438764, 20.2838267138926, 64.9432740500104, 69.2211286782904, 60.9049700033349, 3.84550910273872, 32.8946005748827, 31.3030492234892, 19.0892452007362, 50.6957897267554, 79.5217473402924, 56.609387291563, 15.434624962314, 34.5470810005766, 26.0470649985624, 22.9164863998596, 30.5734077292636, 69.4546528384831, 77.1052778645107, 25.7843693652831, 7.21988859019953, 58.8532394873545, 55.8734378173685, 14.5439905730359, 82.8165762443297, 13.4339686787714, 6.25763171845879, 50.4444873937166]; 
ptime = [8.738203878169, 9.42321270293654, 7.43396037035662, 18.573912342372, 16.2666224284315, 18.6079204719656, 14.5540927316844, 12.1063261222436, 6.70949038807368, 22.4972805190094, 6.72038997759912, 20.4099284213771, 22.9428412889386, 14.5786973345509, 21.3959562026235, 10.1294898982988, 5.62745040057118, 8.01798844608909, 22.7461151298792, 14.1150973167351, 20.7796586771241, 6.02484175510306, 15.9478988318175, 24.9742567371986, 21.10877128329, 12.4233590855768, 18.755882141239, 6.61433467095542, 16.7385469066102, 12.6353107936452]; 
jsize = [19.4436905991654, 17.3656293807407, 18.7093645629184, 14.5515191562988, 19.5637107608261, 10.3572198593703, 19.9863311005656, 15.306873633061, 19.039491136452, 13.703861113191, 16.4939405373485, 17.2708067719071, 13.5791505635364, 18.3952547431541, 15.8422884659478, 11.83427960508, 10.6666272207055, 12.080390599515, 10.7085887768168, 11.2500646221438, 16.4897119853492, 18.3727662684951, 16.7452665779377, 19.7777845325611, 19.2183550359205, 13.8857797414027, 16.0483158889783, 15.5231833622592, 13.0740731242947, 17.8675215479899]; 
invcost = [4.42232604943538, 11.7393712797716, 0.813081925443911, 6.419135248164, 14.8579604040691, 19.3966506205425, 27.0698401709955, 1.88300617864274, 6.36705558823043, 12.3859429356962, 9.39141928580686, 9.4086306383505, 30.132873357781, 17.3286130455523, 6.26607733652673, 5.43878943748439, 6.66661322690083, 8.53655260845145, 8.89794745612122, 31.4862855789469, 14.0718991431206, 10.4120963500449, 2.55813973118936, 12.9293223241228, 6.54545886394207, 5.87911836459838, 10.8233962314605, 1.8460193692254, 1.18964185460202, 18.6699110960155]; 
A = [532.775279893319, 644.003282483546, 538.265704939604, 668.602249760317, 643.682248523568, 525.104237190771, 502.289970973847, 570.935541879814, 528.333342326216, 523.339560841579, 645.457634988989, 658.550245029938, 565.02274838467, 484.238727445198, 593.786939224663, 462.067490864512, 551.801977252368, 537.073364385111, 703.006795184588, 580.760705570744, 510.360315259896, 664.794767021508, 465.012118736532, 495.920513384872, 475.157943069727, 504.875550673637, 521.743392864066, 648.422044673458, 482.767442866735, 620.727499944314]; 
B = [550.120819920318, 669.068996222237, 556.392288876946, 701.956275626701, 669.117872825709, 546.266302615012, 512.28330861853, 590.455523621092, 529.918384630146, 560.645266072208, 649.796512002177, 682.214902336881, 604.18489044482, 500.837722813037, 607.358890169434, 473.86609477516, 577.770033059773, 551.561002531218, 740.641923466536, 591.471591832098, 530.403113476047, 673.878897964691, 494.614935255176, 502.158010988082, 502.423879654113, 506.737636309403, 543.090778801717, 662.09895222852, 521.180087670239, 648.164969712839];
