numJobs = 30; 
invlimit = 360.0; 
profit = [10.6641974799683, 47.1479624105024, 63.6229276117514, 29.6330562178301, 12.3386208093736, 21.565382023407, 8.80654220167893, 48.118137168237, 89.4651183970908, 48.6330325103043, 36.5340217635939, 7.18296109085804, 5.05823763691322, 12.6435930235379, 95.2295822079754, 4.40045664443504, 5.14037501383509, 17.8168992167524, 36.999578009742, 43.327171259427, 38.0057237180043, 93.2256554380787, 10.689318211409, 15.670160850248, 20.011504394516, 88.4720857613946, 3.46536049597252, 35.7266070369125, 2.70035335046086, 50.1262751676631]; 
ptime = [8.49848357243613, 13.5775583559688, 14.1883123659574, 10.0865620240918, 23.3609788464395, 9.37788372081788, 13.3340627602118, 21.2734579176352, 23.5051167387399, 11.2667928003761, 17.5492635456877, 8.2924534556141, 16.4120408156481, 8.31590527034098, 21.6699497920647, 20.7298845046231, 22.3675800606922, 8.57650019277794, 24.7134995129482, 18.2459278418437, 19.2386220644312, 24.2283496141313, 18.9867759072431, 6.66778100404886, 14.4288449392223, 18.470848516081, 11.1931431663871, 7.76179901704835, 6.30590911416129, 20.2106994770072]; 
jsize = [16.9584053678485, 13.9222240294765, 10.9241779702888, 17.9467975277977, 19.7337237093139, 18.7263084691089, 15.2179543007912, 12.3135408940078, 11.5771257931702, 17.1173190915646, 12.2372339235, 17.0949457063035, 10.5003033178017, 11.1436275167488, 11.8352269405244, 16.5411345980383, 16.6624522656284, 13.3575729352966, 11.1403851740156, 11.2239932894676, 19.4052436879433, 11.4301293027605, 15.1092411420736, 18.8081155321761, 14.3691266688201, 19.3563531597607, 17.3106521555828, 18.8246873566295, 12.875151396764, 19.2991567295868]; 
invcost = [3.50863275527467, 10.707296003732, 22.7069807160628, 6.29443619494218, 1.38305521519471, 8.93271184394346, 3.5117383524162, 12.2392256497332, 18.037320060133, 20.5334393696458, 14.1627950511821, 2.63964588255947, 1.91768147025831, 6.19189095178606, 17.2465134125511, 1.62740441955665, 2.25206162582514, 4.93440758446608, 12.8583131534506, 10.1051872505591, 11.8051491760078, 36.3687960442429, 3.81415287009234, 6.16195745901114, 4.53751051729309, 17.3092920678046, 1.42335967157306, 9.81225420279019, 0.748196361462947, 21.4934934331024]; 
A = [682.337449370639, 692.847365209989, 563.596287825505, 671.351499629103, 709.44475679076, 478.734312518389, 531.075369023425, 678.858439700438, 489.211785796185, 608.687428350624, 706.036338644916, 558.984601927579, 474.581811756831, 506.5937422951, 528.159336298212, 471.55318855454, 652.880062294137, 473.754036609128, 575.149506601286, 529.55540913307, 597.485624090203, 474.688932875142, 658.791198653335, 477.250597890363, 452.548713279487, 598.94779463393, 465.063317689744, 521.949784011191, 676.965183403843, 525.703476724728]; 
B = [719.08692984498, 715.266134014288, 587.983220160118, 679.585364353454, 727.084124366365, 509.517971029031, 543.539736183768, 702.395092525419, 491.626614583436, 617.6077678707, 745.820382345847, 572.948415848793, 475.140032135864, 540.190404896596, 533.782469312346, 494.05050173319, 692.849948463852, 475.883452512485, 589.459301746937, 542.887804919146, 598.262398508637, 509.670285792539, 668.44064230957, 490.697286593606, 481.154803951598, 602.833184879685, 485.081564819584, 540.198798458967, 696.324276150973, 528.112652480058];
