numJobs = 30; 
invlimit = 360.0; 
profit = [15.8305170741103, 91.0674219561014, 52.4986502013055, 67.0543000719247, 27.6933976553106, 9.55399982798195, 11.7370421170916, 35.0824334472877, 56.8079512371908, 15.157023687715, 13.9083973729215, 26.585817584728, 35.2193661139875, 32.4598414378617, 69.8302830498805, 16.3165503334018, 7.06651623522868, 31.8033405638403, 27.9673620725526, 14.9400410037993, 24.2899867000075, 102.0383258824, 11.9136502171653, 69.8592413901406, 5.83175377456992, 47.5564006751509, 11.3320056739555, 66.1669370539499, 6.84957631717666, 23.3194341031942]; 
ptime = [9.90047404694906, 18.4336213918582, 17.5814912126013, 14.9003300914951, 5.78312845904289, 21.4215154736121, 22.3054273118144, 8.81465375195926, 21.7189401168553, 8.30843518581043, 10.6207601541841, 7.67963154742402, 14.4447289219538, 11.3126545954096, 15.622350693307, 8.46217181558924, 12.2598883015773, 22.5363728895696, 12.6627537774935, 5.08398814726837, 23.3231184883386, 24.3372834012368, 21.3991257753144, 18.3681786906119, 23.7566448095224, 10.317891044399, 24.8075799180016, 16.3875184355784, 7.57985861935428, 5.42569402368706]; 
jsize = [17.0991443989599, 14.1106385518447, 10.7782753696782, 19.1484069868286, 16.4336834471799, 18.924616970773, 13.7073143785042, 19.8943387940096, 10.7414276018112, 16.0432804508051, 10.2526404236969, 19.3946602713388, 17.8517639144577, 17.4292964407124, 15.2205303743343, 10.323824387294, 17.9250517454994, 16.0426429574585, 19.0216357961943, 11.3212284623395, 16.6721897180556, 15.1856372207085, 12.7082874770319, 11.2371283661948, 12.2432242633996, 15.1096718656048, 18.6191824176537, 19.4857389164698, 16.7179633618562, 18.0377586192875]; 
invcost = [6.09216625110875, 11.9057307189991, 21.4844241182092, 8.5983019955283, 4.94848990796452, 1.370966829594, 4.25769958731301, 12.023458284292, 19.8047608486853, 6.90057047141019, 3.74179820087771, 8.28390143778741, 17.4531560508927, 11.0744102433361, 16.7014759232932, 3.44643763768953, 2.36510144647778, 15.4802975429909, 4.21133178848239, 3.54991357849513, 8.18025787610267, 11.5609354784734, 2.29520798004301, 34.8017328920974, 2.64511718795893, 5.42166742578092, 3.65504786310115, 24.7054769494808, 3.06525376821412, 8.86438020198023]; 
A = [456.315976378012, 698.401360716607, 683.665257730679, 637.148458172243, 639.967370003527, 672.38761124686, 520.134311768723, 662.802277726313, 457.137925024009, 658.303677475413, 536.129789516003, 700.496091221378, 677.589112441591, 507.902421141583, 573.93081031903, 629.868796436473, 492.608932218621, 707.885840589062, 593.078798140706, 563.938442442891, 715.824095501489, 496.778695401229, 657.277372262622, 463.29940331585, 542.234867788942, 453.201282739878, 500.763948945866, 480.386911039211, 557.635804800738, 719.180858421622]; 
B = [487.42403787554, 730.027611007779, 705.672163952223, 646.89329231609, 662.711905076252, 676.850735361766, 545.359748661044, 671.533388932593, 473.749278231093, 688.924197301185, 573.711820955188, 701.701001510203, 690.833852974985, 540.649988224164, 590.07195525967, 656.442007132623, 523.739302630872, 741.353622573013, 631.870820663902, 599.824605724409, 741.005770471869, 511.782327007023, 672.924602118497, 488.56978557572, 543.100336342488, 460.163246965107, 536.820581089879, 481.491662649224, 592.261483868339, 725.041579072936];
