numJobs = 30; 
invlimit = 360.0; 
profit = [35.2017671076197, 24.3145738051421, 23.3131256723603, 28.0611295250338, 41.0528589829322, 10.9216293929179, 10.8515850536591, 62.7008221442897, 69.0925203853271, 22.937491541, 28.7229653232314, 13.7651091548764, 30.9657050393534, 18.1790914948117, 15.6597490276648, 48.8935852699306, 6.72061755681749, 9.32808195059555, 40.3564303378656, 9.18809818275497, 26.2460018018401, 26.2672706578192, 24.4419634441585, 43.2067351494147, 44.2171454645875, 18.2621362356553, 9.68475506318171, 25.8888977599993, 14.1997775563436, 7.25367981833828]; 
ptime = [10.1771730128014, 21.9325756957654, 5.49494532820737, 15.1859213937135, 13.6936196868268, 9.5538838607715, 22.5079818564804, 17.0619049427606, 13.9732140711121, 6.61396838909353, 6.24973695673431, 9.85373743422737, 8.16674167789181, 18.1466301308424, 24.7476400153255, 13.3275377013011, 11.157648556394, 14.6164906459062, 14.1098880849463, 7.29458287233046, 8.10740585245073, 21.4905530152413, 24.4580333035149, 18.4580875582664, 9.15700991651268, 13.0851687249201, 9.89151205489085, 5.25948840732015, 15.435905978256, 5.43881679918342]; 
jsize = [15.5658442915333, 13.9108936442903, 11.5333916055232, 15.1117246180411, 12.228711692842, 10.8462256253486, 18.3075046899954, 18.7252479637807, 12.6507960900023, 14.7272335391606, 14.8795988493245, 17.5386226296686, 10.2332030641369, 17.811807284135, 14.1337081611138, 19.341148791491, 11.783291427052, 12.7605901264373, 16.1897847987196, 19.6088133982798, 17.9726664590759, 12.3716953999383, 12.2533024105533, 10.4145808049645, 16.4802077071057, 16.038499505547, 17.5693058793705, 19.6096942860337, 11.7993544215714, 19.575233212154]; 
invcost = [10.5526223574375, 5.99393729868465, 11.0190302134527, 9.21694300648132, 19.2865753736993, 2.1186194439591, 4.63202274306489, 9.69641316729975, 31.9036416560442, 2.35299732393641, 3.49968683398027, 2.49524678157497, 10.9463025305645, 2.37305952528578, 5.70131840866489, 14.1501611329314, 1.97996703275419, 4.23651567372149, 17.8255757512928, 3.57781494873672, 3.29585488343404, 8.10155622624438, 5.74852717721407, 16.17164259976, 11.3656831655243, 4.78580640487621, 2.91483990730003, 8.08773880846809, 1.48915388488661, 0.987042672680015]; 
A = [598.079536069182, 693.534744563745, 700.699351676579, 470.969339320807, 637.002838952973, 627.495149013352, 601.952845343815, 578.158231997377, 696.01759898468, 655.837744558894, 494.40455231378, 490.7444746521, 591.133405220583, 679.317972680527, 582.346932927127, 691.248035775006, 555.886346143775, 546.513820874301, 616.438495883395, 502.18972822237, 472.621408855164, 504.889001286456, 593.973505741931, 602.67586604948, 683.543760248616, 548.246163902813, 659.203492052246, 676.409074849294, 685.176041728721, 669.196653927876]; 
B = [636.229082825229, 707.849458892415, 702.674402676111, 476.949327732674, 642.828001852001, 663.116825700347, 627.162731305906, 616.554080551481, 718.792598494167, 661.836673528885, 507.087424880496, 519.810452303809, 610.353785432347, 697.285108963536, 614.922157823756, 712.178555576978, 573.598906584773, 566.09147693478, 619.722636475401, 533.478846144385, 512.317291301328, 520.577453323564, 621.673063477415, 627.397970677195, 699.219533410166, 559.80041233445, 694.983288572768, 690.765958086771, 722.186200667867, 686.864315568983];
