numJobs = 30; 
invlimit = 360.0; 
profit = [15.3880471937514, 12.9705830881923, 61.5213292178925, 41.2647527885777, 64.5684352026047, 11.4210553615221, 22.3687361114541, 65.052006387146, 71.0786754406504, 69.4997810892339, 21.7593041975096, 14.8297548565878, 51.4562120842431, 28.2977799448807, 92.1854220978828, 71.9834599208487, 50.8284523009988, 57.6051252681747, 32.8375561822033, 40.7755452355781, 18.6019987651839, 15.4642549171402, 19.8927262850082, 7.49174378427688, 46.0618576154282, 61.3584580722139, 44.4989353674634, 33.8159263877467, 46.677655995793, 44.901633191004]; 
ptime = [9.49306179829164, 7.30372952081927, 20.9268972585445, 22.3694575181771, 19.6499103158539, 10.6327992151076, 11.290529390234, 17.7422883887553, 15.0015074233624, 24.4030814334909, 13.3020816441812, 5.42525030809355, 15.6839543895373, 23.034263212153, 20.2941079473095, 22.1095884577216, 10.5944287868993, 13.2863563271168, 17.6565682142005, 21.989613741237, 10.76000672839, 5.80224843961252, 10.9844732188476, 5.01080107919113, 17.424786549273, 17.0973139750353, 10.1773212534746, 7.50709721959005, 12.0837444326681, 23.8889787662323]; 
jsize = [19.6936547015199, 14.0899351832018, 15.2237229578774, 14.466946230815, 15.8593113917442, 19.2582265203519, 16.5531901850885, 18.3913396060181, 17.3711139704242, 12.1099359703488, 13.3833009897452, 19.9955788474492, 17.592207817974, 13.3364074159776, 14.6595176274416, 13.7964106814746, 17.7658461797558, 14.8951103871585, 16.7619083547159, 12.8086259278653, 16.3016051872658, 14.7536313243496, 10.890964877565, 13.454756315383, 11.7312872160408, 19.307094650366, 16.996925450978, 18.5590536586064, 10.4433995853011, 13.4342927505339]; 
invcost = [4.21658324436114, 1.53871606956547, 9.73947191040195, 7.47448610090782, 22.6271529026486, 4.5887380435208, 2.31852635430525, 25.6498586088728, 13.1422827216336, 9.62662992614554, 5.59599371223273, 7.05190325543272, 11.8242256071147, 4.92122042629534, 15.1888283516531, 32.6232530954219, 7.14956506237722, 21.8561109210377, 12.8824439322608, 16.2485191714346, 7.36682553654212, 5.37858602760446, 4.84252375899095, 1.42321469427179, 5.42028996249534, 16.6767502371996, 17.6027920157402, 13.3643031116823, 11.5940969307049, 13.5815725598097]; 
A = [708.195808095093, 723.665504016557, 640.315461386043, 679.616109762846, 545.720916034507, 625.099087011536, 586.629799320684, 535.065129301367, 653.660153445516, 668.741941649275, 522.244180489758, 660.806423250886, 476.950242420935, 693.437622412778, 662.494616516381, 478.455341140201, 591.526757938292, 565.199004752828, 513.896463811707, 463.825947723248, 636.084264860977, 715.695315804478, 656.579380591471, 462.107041437323, 525.995175137659, 716.526249799996, 591.317250907887, 607.435596406706, 641.856152646312, 465.699293713472]; 
B = [724.724863321874, 749.212853081269, 667.78576554838, 701.549040067825, 551.202160834058, 663.98011415541, 622.159471046945, 568.235459673958, 687.045797948573, 695.356356325909, 560.882734645058, 679.503380270222, 502.153628656854, 712.089870583313, 662.558655587054, 492.506556582788, 599.279201014984, 570.428458866299, 546.654024184792, 487.529509566045, 636.31899270801, 734.23311960978, 686.596704804135, 475.738815194998, 529.043266440797, 743.444988880775, 626.04942460609, 621.423678866997, 653.059544577542, 498.331634685908];
