numJobs = 30; 
invlimit = 360.0; 
profit = [67.4160413734188, 30.5660765839353, 28.487012438803, 19.9936677995634, 30.112278264719, 48.1388150178898, 18.4705673277726, 17.8203290370463, 33.2818152247841, 87.7973612402328, 20.418867872598, 37.8924598272271, 25.2652947342662, 5.85875133427331, 18.8779358351476, 15.4685291617427, 62.0843899000696, 2.68297301054844, 17.8595325996082, 2.40843514201961, 51.7765871570845, 24.2101135653474, 22.7863438581236, 31.0069101652207, 4.4854637687216, 10.3812013790235, 39.5725082673964, 80.1734727129352, 6.90718074450789, 43.8036415774491]; 
ptime = [17.8001145879289, 14.1041689350391, 13.8257828016678, 10.1380541817149, 18.4107461681291, 16.8732808066216, 14.0928484523754, 13.7711888502907, 11.339109348616, 22.732320656396, 17.0094837922725, 11.1355011459853, 19.1054045142366, 13.2511082219037, 23.709045066125, 21.5974421404363, 15.6191114709243, 5.84211339843297, 6.0579144200074, 7.23883211124622, 24.8245015579921, 20.2921193138113, 11.9508822372856, 6.53675055212002, 7.96765857227559, 17.7386881294292, 12.0295841638428, 21.9504041403859, 10.6021264111769, 16.2490026408041]; 
jsize = [13.159490450772, 14.4287045778407, 17.5561145007639, 17.2976365069675, 14.5988460231108, 12.7848721961027, 12.2263578343967, 12.9486117928065, 11.5479499696065, 14.882555662233, 15.3458876304014, 13.1431406553231, 15.6723956221453, 10.0528820013525, 18.3797087380336, 18.1711023353141, 15.6601766943582, 13.2074007023655, 13.2631125353817, 19.7432156377741, 12.5560116157877, 12.5351246767156, 12.8611780289393, 13.6492945099352, 15.7386894381248, 19.6956992429794, 18.713989483293, 15.8372847710787, 10.3888250234942, 16.0163150086637]; 
invcost = [31.1957738410601, 9.30559616230533, 11.8752728943863, 4.12187756274902, 6.12832488301548, 17.7582876126692, 3.77242161975327, 8.83162272196468, 5.5995217699954, 12.0145593275223, 3.53035319944585, 12.7866841115156, 8.06507967916065, 2.72842790732007, 2.16583762777069, 3.98268665465373, 15.5077531138009, 1.20741595666949, 2.15235358013401, 0.30061732077656, 10.7779048385033, 6.30142857179625, 6.5361100053418, 9.326226638304, 0.9857731177939, 4.55293994133431, 15.1355372626667, 9.2195591449644, 1.9549223558987, 15.5216700940298]; 
A = [618.211802852563, 463.850059858426, 532.85431232007, 580.546298345399, 576.652351566787, 521.8969365077, 683.150343287495, 696.333104430586, 579.750279298075, 464.407863108578, 589.26842461724, 636.6877351159, 556.900931337532, 680.929203653834, 506.169909347615, 641.819407673265, 560.940604460122, 665.087881742294, 719.555746171486, 679.411035425575, 476.705571086547, 580.305769446208, 627.704231550255, 519.385224588439, 666.016477082887, 604.061850530607, 612.917364762376, 676.425873541598, 741.966021491156, 567.97465456915]; 
B = [622.03116098624, 496.51733783524, 552.940172669561, 615.753896954027, 593.155251295696, 529.351064219616, 707.296224027439, 714.675630447282, 619.521090555633, 471.046061964822, 627.597796867037, 661.751630423959, 571.233502757313, 713.798533450464, 508.196627425664, 658.630404960623, 566.419128343416, 681.040786149553, 735.414562358785, 685.851457523616, 484.511328017127, 604.216752930263, 631.428181471669, 530.014129137895, 698.077463259482, 619.856339047251, 614.317123890009, 697.661951729066, 745.534199019619, 604.308790374158];
