numJobs = 30; 
invlimit = 360.0; 
profit = [9.44375313753476, 3.67356701090063, 23.9105302846304, 48.5198727897563, 16.7364958215607, 6.82139330044408, 55.6703290003359, 110.646341604616, 21.179705758071, 6.62212812210969, 21.8880124826618, 32.6892895587192, 35.2192357459434, 25.3247398169172, 114.753998684567, 44.7167792868434, 46.0702240412319, 84.5183187324495, 28.0641212752124, 20.9287284810001, 36.3348712946106, 26.642761014374, 53.1236807353658, 36.0085104773527, 19.8372499211714, 11.3562169626526, 69.5198741608466, 104.373764387951, 57.407575016973, 2.68244783821415]; 
ptime = [15.9858302253513, 8.75304546543047, 6.08418661582878, 22.9236389732151, 15.4313894798065, 22.1239474172738, 14.4628228875233, 22.1745977439887, 10.5602036862244, 24.2187861270979, 8.26611663487109, 19.691245107727, 7.4266532922843, 19.1069383722452, 23.4068745713256, 18.1753424608908, 14.3032850670123, 24.6492509355164, 6.10467761660516, 12.3044617025393, 14.2614977427542, 21.1415634799503, 14.7826234587045, 9.68321960436745, 8.98043441159794, 20.8218581082894, 14.2220515136015, 23.837371439216, 15.6254849593892, 11.2269565756571]; 
jsize = [14.1510042361909, 10.4021901778983, 18.8008628864641, 13.6132206348557, 17.9341530059011, 18.4978416744138, 14.7352373200287, 16.0276577174751, 10.3211496567063, 17.3260873717711, 12.3255041105935, 11.5364852434203, 14.3539353006574, 14.8586578123308, 18.5838975409628, 15.4549875419429, 11.9348562183361, 17.2365716736552, 12.6766973682048, 14.6230026879847, 16.8275197241855, 18.6808364706629, 11.0971811785873, 17.9454598173861, 17.8312942125401, 14.5470425018071, 13.7368133707361, 19.830355388177, 10.1257862889293, 18.9670962920692]; 
invcost = [2.05925992469067, 0.70030030167028, 10.7234590457373, 14.8097407710666, 2.11853585832645, 1.2847582034194, 22.4886123844311, 51.9995809168839, 5.47274737339116, 1.0508783031812, 8.8262282403581, 9.63714798427518, 4.86467189891059, 4.94091329626939, 24.5967347102548, 9.67545638284954, 10.9092837150653, 30.916064495726, 5.68376324541442, 4.1044195802573, 3.93963416022895, 5.34778499172239, 18.0098408431045, 6.01499765049262, 5.87256013683646, 3.87301201868321, 24.9424848206073, 50.452715569135, 17.8069779132878, 1.08265457293515]; 
A = [658.136004154987, 618.332529814293, 639.327853267303, 696.994281218628, 488.820885135258, 489.672419684055, 456.604322344057, 699.652853702922, 701.708606146716, 611.180882920689, 483.068533165086, 740.49891576648, 548.352815847594, 659.683741170577, 456.234121356329, 680.507575444425, 668.004767500313, 665.513571123109, 678.330175894151, 489.727537559203, 722.849351987809, 520.037724095268, 609.237665413727, 589.626655822767, 676.331016029288, 608.49132002619, 495.46939268211, 577.781135543481, 476.847646292086, 657.107590744423]; 
B = [696.018457139934, 655.321673426456, 662.130508816793, 712.873031686583, 494.31793838414, 525.083293509556, 461.921375232358, 718.287971532703, 716.543960633803, 624.540514449627, 512.277002936169, 743.701113900106, 577.723090366185, 662.538452296425, 463.629034284448, 720.010113935098, 672.278594568202, 698.923473779094, 693.178315220189, 502.555444030622, 749.443675308227, 526.827076414959, 631.470160824675, 623.201355862221, 710.882937939195, 612.819887794269, 531.513847557945, 589.669588096814, 483.26135019762, 671.921747042872];
