numJobs = 30; 
invlimit = 360.0; 
profit = [39.7715504250414, 17.1055507168494, 73.673597887255, 15.4307105976028, 19.7784905294598, 1.75533838375682, 73.4017803737407, 35.642203701851, 7.082170632515, 11.6352437445198, 26.9427336489414, 11.4634854330666, 45.5978943388292, 52.6708163041645, 42.5115521825181, 12.5775850828531, 57.3698178883997, 69.1856822866203, 13.9568806625943, 20.9118053005372, 61.7242125805328, 11.2726460410311, 39.7751624458784, 32.9791474506118, 49.4857670781907, 28.0178091137727, 80.2772817100837, 5.31073188666417, 3.70245856460548, 33.1253735331718]; 
ptime = [22.4993512471545, 6.28602999543449, 19.7798980712323, 7.69944191081505, 8.75062292231704, 7.62409798759402, 15.8008406163661, 10.7627191001062, 19.2682776120972, 24.1657297685831, 9.07924327053418, 5.66026605036935, 20.8925470628276, 21.4929792389663, 11.1824693719544, 8.80653376768968, 21.0125222227685, 16.912650712767, 21.9375840908937, 13.9029729747488, 16.6922968566668, 6.2542189509626, 15.6634500714202, 18.1724576051356, 15.5898497267709, 8.66344399369048, 17.1012948098914, 13.1681439989027, 15.8686274180983, 22.5022449943172]; 
jsize = [15.7384661646247, 19.3297246952892, 10.5964534680618, 15.7996223850699, 15.1981495613166, 11.5114508220676, 13.5359076532071, 14.1114877729255, 10.5452476027672, 14.0045868847179, 14.0479518989666, 11.0353933769798, 13.5441394988268, 12.9702549137746, 17.9528924741206, 12.5340878680775, 18.6581127671025, 13.7857501962108, 15.3572293014763, 19.1710650674348, 10.140405683584, 10.367975475671, 19.190770476543, 10.8982908838039, 18.6584208199286, 15.4917867386848, 19.2413791561609, 10.3754899267666, 16.8731011967277, 18.0019681005474]; 
invcost = [13.4774115455568, 7.93845437916734, 32.3244148550219, 3.00557697574396, 5.76325973550391, 0.772429204441534, 16.122667075744, 15.7748410434878, 1.04671371317649, 4.70895738143459, 4.19890097132313, 2.02625347058006, 9.50673765865378, 7.81661415887408, 9.18793828847135, 2.67643425334747, 9.63475505507975, 7.16346509320408, 6.84119747589103, 8.97678908783073, 7.61188800542558, 2.15658799476956, 10.3452259795654, 10.8680074283717, 9.98100840871272, 11.6419765052799, 8.13980143710662, 1.93653885515415, 1.55197867493656, 4.09870541097922]; 
A = [187.671229368415, 300.315452449495, 250.988252349249, 273.593127858281, 818.277129816302, 568.339560900752, 141.515519036287, 606.354818456436, 315.519043438011, 508.118438227307, 767.0838232679, 742.875523212299, 922.943751341101, 535.957172224136, 508.863539525113, 916.864012631637, 863.738011618262, 616.522037228164, 853.95612543442, 850.366648659386, 860.000642423403, 145.567028245167, 263.694458057948, 281.777728590419, 526.392511997303, 310.24736493338, 596.286301622011, 247.671801084386, 689.410500280704, 252.419170485517]; 
B = [220.36266902411, 337.930548209655, 281.136115420444, 286.437555326247, 846.59873822235, 591.837458032882, 143.001792088369, 624.692602818625, 342.894005739931, 517.48483379613, 784.123299721518, 744.390954915998, 959.787273943791, 561.110781926966, 513.003197326044, 934.378776414936, 864.271016754316, 645.839841430503, 888.920517773833, 852.588003609104, 867.404537982001, 159.472665389428, 291.340100209738, 285.920427144801, 561.295501113706, 345.392699965825, 615.722849095401, 257.591047495167, 725.559563429754, 284.027941227151];
