numJobs = 30; 
invlimit = 360.0; 
profit = [20.1805374990653, 30.4667692773738, 77.5615680484382, 70.0275358261443, 38.7873272650444, 103.796036647223, 45.0110640677453, 38.1093177544826, 51.2356052827713, 113.597265743373, 68.0615305137092, 17.757669048228, 26.6196006975226, 44.817172962976, 35.5569679816552, 103.732846742477, 57.2612687928506, 15.3434651243805, 71.3740839401235, 38.3869207149831, 41.8966968482963, 19.0208998341926, 11.1827052405733, 31.3581221656127, 44.6859316709332, 60.9549983109413, 41.0671566392671, 17.3554133243047, 34.3271081625544, 32.8874085613784]; 
ptime = [18.1098093658258, 10.8944577943085, 16.7920902107169, 14.7001022353561, 21.7455270462521, 20.9108309657832, 18.2851296136505, 10.3970295119229, 20.6189682050204, 22.9543115841937, 24.8703511326931, 17.0748213732974, 7.6368622527982, 21.651911516013, 21.4031458380587, 22.3834427450559, 21.58604165054, 7.41529917078059, 21.4657664204509, 12.7203503522272, 24.4593309437908, 23.2082785453317, 8.41540693718039, 7.40401437238655, 10.4597146656923, 20.6286273956281, 12.5777535840469, 22.0460768904971, 18.003635812552, 18.5872334770436]; 
jsize = [17.1959438029776, 12.4365540691486, 10.8317248607236, 15.3489842121748, 10.0859605514204, 16.0510847230557, 19.1064315138799, 14.0685070880459, 10.9345222612865, 14.4315216596396, 13.4235322310286, 10.7885191264572, 19.6110344078732, 19.7334987251975, 16.2949565153558, 14.30695629737, 18.1257138822463, 10.3036977202792, 11.8653249471015, 11.7757639570453, 11.9343469749674, 18.8723244402484, 10.5252281787882, 14.0019890333083, 18.8026911005991, 16.0308954177825, 17.5143596441701, 16.2012726665781, 13.5445812907006, 11.4374739551094]; 
invcost = [8.88822958433802, 9.91325792063402, 10.412749981967, 22.0867846883575, 18.7233182579743, 50.2890194450956, 17.367622737924, 16.0097242811337, 15.4112091687528, 28.2161719930902, 16.478951092576, 4.10279184390329, 5.91999240085295, 9.38750530265534, 4.3887218071705, 17.2765772749214, 6.60397595927869, 4.84928554524099, 34.754937820638, 11.5192638213208, 19.5650706693457, 2.92429761147161, 3.53523244362323, 10.6435932335954, 16.4665224321286, 15.9913191604015, 9.57101703458882, 6.59157021656968, 15.3904742421013, 12.4237030210813]; 
A = [113.737520359311, 711.598787102585, 853.362019345417, 744.130707523199, 663.149594705069, 492.705233256603, 788.665072485705, 239.972809572637, 576.505135743227, 580.698851804251, 690.017674076059, 827.346751826829, 767.329668899485, 607.88883024845, 749.246622391746, 457.997765804146, 344.647040336431, 458.929050247332, 602.856141595001, 181.275325877446, 525.927456438806, 208.350073420564, 949.455355172639, 494.217740170152, 591.818386500295, 573.95046586775, 464.628785986962, 451.551383224121, 906.807928083737, 463.054634957983]; 
B = [142.326416117959, 746.177784278591, 876.173002200425, 773.662932298657, 686.947257802982, 500.137052574642, 824.135515029567, 244.256074681807, 614.963403000971, 591.985812046409, 695.914341431555, 855.24387689765, 787.326678732591, 625.727201165509, 788.738345859699, 493.537317315387, 380.648693869516, 496.93043173254, 613.881796965517, 185.061709728899, 553.8696836437, 217.459419635064, 970.703285999211, 524.422162060408, 626.060109382309, 576.319457025593, 490.709216464706, 478.084298735952, 925.976000505027, 491.554500808595];
