numJobs = 30; 
invlimit = 360.0; 
profit = [10.3465604621818, 28.1494972081739, 39.0174802470108, 8.3885478757668, 100.458537590685, 35.7629605957224, 35.5515921321785, 42.640062126149, 45.4159411150113, 56.0612616479642, 9.87660259634048, 6.34507497837535, 9.00048994079005, 36.9442816704063, 46.539397004021, 97.1662596702388, 85.740856306906, 90.6923864869938, 15.294637647004, 27.1326814203038, 11.4705399752925, 19.0787857060223, 56.8544986327741, 78.4743101737728, 77.6655927658231, 25.1215931869458, 60.9627665021825, 43.8418230982358, 10.7262148539367, 79.0082050180286]; 
ptime = [9.85951040270631, 8.94643120690314, 13.8031622114081, 18.5474632098516, 20.0995850558092, 10.5038980861306, 13.3826664222661, 23.3350685217356, 15.3974682575012, 16.4158255772944, 9.93506734998729, 19.8315131598678, 5.89067071809154, 22.696240579177, 12.0702887017334, 20.3921077376361, 17.8339185906133, 22.9185637997817, 6.03140643203954, 18.1276892650364, 8.88926462552074, 9.32973123818544, 19.3578427946181, 22.9535351569574, 20.2677300302564, 6.35370758300025, 12.9758521609048, 24.0067151410182, 20.0934993265998, 23.2808953270534]; 
jsize = [16.9584853032513, 17.706832254838, 16.0708217602686, 11.2425583881339, 12.0341639268685, 13.6728491105826, 17.5593500438525, 13.734071389756, 18.2991643256252, 16.4712187562495, 16.0805096441005, 19.5377154521818, 19.7198796334646, 16.7083019142361, 15.1563966781065, 12.1786923730682, 17.2069243187101, 18.5035592064939, 11.0154411936493, 10.0037998613805, 14.8325339629663, 13.3702866925003, 19.2925144395622, 15.0177646357469, 18.493464492168, 11.9252093216034, 18.6899936813241, 12.4831926672925, 17.8913999656178, 15.8971435942759]; 
invcost = [4.73402235484344, 5.34136099451031, 17.205052338931, 2.40103070572725, 45.1415691673069, 15.0172387596276, 12.7919349420388, 18.7710001266262, 19.0850541657047, 10.3756811297052, 4.63082686371576, 1.53966938666561, 2.37305181255273, 12.2478716768339, 20.7521939483216, 17.9272939539521, 32.6348368273041, 26.681964561315, 2.92361342268979, 6.84467926321071, 4.93020519183925, 4.381256132231, 23.1286699960822, 27.9404720015685, 38.712535255445, 10.4937303091648, 16.4461669070696, 17.7431634951505, 4.25372582993765, 18.667039656112]; 
A = [884.929315026076, 505.251912198104, 266.141762852552, 861.796212913625, 437.531835740614, 266.364495355007, 529.685047648135, 445.47455868208, 632.924683797688, 432.351664844563, 779.235016798629, 626.342327130246, 232.508716230942, 540.734030945492, 328.724274047898, 477.076571610995, 375.593978985783, 245.401122557427, 567.000879715055, 886.90075633612, 586.338469339368, 284.7866858318, 704.430074305241, 766.922551627155, 768.714763105187, 879.459192016393, 973.080294597456, 464.42551114586, 686.196582338205, 354.099626963369]; 
B = [905.291424811179, 523.233504370058, 266.636237823888, 883.49848667211, 455.451665846253, 285.300734000422, 544.818858742339, 473.313068444117, 643.541362832128, 462.736367298725, 792.629294114732, 659.950663242565, 232.792642339092, 550.150007980099, 365.506101415915, 486.636276275155, 400.630584824369, 263.362891096672, 604.899641697333, 918.880430005996, 599.759223583163, 305.574108248951, 723.56673494606, 792.613295429319, 779.738285772252, 901.429347597272, 973.566612891459, 471.931538321743, 719.336098919024, 366.945517473082];
