numJobs = 30; 
invlimit = 360.0; 
profit = [61.3685085034141, 106.08286847458, 57.7348704624851, 23.5321231728811, 6.73024844868985, 70.3086605264421, 38.8727366429262, 58.0907185680119, 59.3406295381794, 14.0665388797812, 49.9071912262406, 17.7831476972915, 9.21669503594822, 39.0891946917912, 45.1146481735134, 10.2202403454993, 33.9817781609236, 32.7394125302624, 32.3557952401528, 40.7815279643902, 7.16709562373559, 15.4310122837611, 35.1555099012669, 23.3675931886028, 26.1836726299994, 40.3448894128478, 5.84394126003778, 2.80242154871137, 62.1073333477379, 4.08654668596611]; 
ptime = [17.1625481522997, 22.7493274982046, 15.282518304854, 6.43649769407667, 11.4290287415098, 16.8142981188284, 8.24514812232128, 24.1735270976628, 17.6051235432104, 5.63784254057334, 13.4201900286992, 18.5995707635803, 8.85503037741434, 9.70842698179921, 18.969611082499, 7.15102117736319, 10.1201293032426, 15.5580130492938, 7.94511564476729, 13.2609830439455, 17.9019288888693, 13.9651017296329, 22.7717666339845, 5.19392722812678, 8.19661343137891, 11.6887730943836, 5.23336581268407, 9.38900118284734, 23.2648199440706, 16.1834635740659]; 
jsize = [17.9147538607414, 16.8005747985373, 19.9105180765665, 18.6071390744629, 19.1078894606626, 19.6452869400641, 18.6675310307295, 13.5566117734857, 16.5955278240606, 11.3788074652616, 14.9576502627056, 11.5415995900798, 11.5300701249474, 15.7387745184649, 10.2988929660941, 19.1158411724432, 15.7167706364736, 17.1421921698406, 13.0790476924039, 11.4972409863941, 16.9934549551761, 17.8951598163524, 17.5173833067942, 17.4695412365282, 16.3925267536204, 18.0747002700174, 19.8918685462849, 17.5701427675256, 10.3671672604578, 15.3773204773811]; 
invcost = [26.7450186445012, 44.4706827673234, 13.3519179449328, 11.3173170086674, 2.3995919653425, 17.4755446927623, 13.482369229753, 24.2400803969967, 29.0507070325321, 4.81826073026891, 22.0560596865448, 4.54804992090049, 3.94481912773111, 8.08107608716601, 17.5760346702497, 2.08407420386128, 4.28956360414716, 3.67328621330913, 13.5474529535582, 16.2292872486755, 3.51822321830129, 6.45515989463253, 5.1949187070499, 3.08028385833656, 7.10661408407495, 4.05459772662608, 2.35846854501651, 0.959440170194924, 19.9270206019201, 1.07719092777644]; 
A = [598.710449065396, 799.043125933329, 225.649743080439, 782.347259408661, 740.486076942177, 860.215108048526, 798.021467984581, 521.073134413104, 672.878991013755, 730.925958735977, 188.962726435479, 900.84874450558, 949.011171556752, 249.831849694617, 156.256781653009, 356.186007453459, 240.47554617767, 488.38279426375, 268.687287425826, 459.904629667379, 793.804863503341, 656.609000084, 943.541468039637, 826.932044336281, 253.549264474515, 416.267173754775, 240.811275643351, 262.210243545581, 351.755290023104, 208.412518984292]; 
B = [614.312633378943, 826.083681368588, 236.811793591755, 792.824200962046, 768.475134139728, 885.421226603642, 805.724182383099, 526.493846951938, 707.314715405279, 767.907553673077, 198.674032027643, 906.295183145592, 971.071151467953, 273.799871278525, 183.841154077939, 372.699688648023, 278.429306045413, 524.074543925641, 279.477825968247, 482.379001694239, 820.780796991495, 680.159769623814, 976.465390681841, 850.148681763773, 279.532915802011, 447.408347346666, 263.636786153756, 274.863626062834, 357.212670778642, 216.457747464845];
