numJobs = 30; 
invlimit = 360.0; 
profit = [20.3708314626392, 2.73235134095262, 5.7328041606097, 97.5839950132674, 58.1477298221616, 22.4716269050685, 5.81280319472927, 44.2016967285858, 49.4933171751321, 75.882781983587, 3.82642690089553, 60.886863485745, 19.2652586007469, 59.3307176458917, 36.7386200737368, 27.3247146255938, 61.4964437611052, 21.5075002120929, 96.6402034613543, 66.33339948369, 11.5553302818311, 23.3022892683723, 117.976591967047, 28.5001862844296, 43.9739389903041, 14.0777435367648, 34.8021641824668, 30.5845983366787, 37.6927069620293, 21.5735408323002]; 
ptime = [21.4595111550581, 5.92215484490816, 7.52847163922581, 23.3064874194213, 22.3800849369948, 12.1293849153633, 5.74898854379072, 20.5534532311051, 23.3721913956507, 21.202356299735, 6.59856642806527, 14.790446024057, 10.2448350003512, 15.6590317258281, 10.8007632958406, 8.50437935657057, 17.8473745659456, 19.0891225130737, 20.3611507761199, 14.3682318807885, 21.3812884666888, 7.30981280619471, 24.649377818361, 8.85459487339008, 10.4084328857738, 9.81968517507315, 18.9999294146515, 8.48986896863098, 12.9087125629492, 10.7289789683011]; 
jsize = [11.0739994402189, 17.1428556410891, 13.3678930140554, 10.2203249981224, 19.5998806521876, 13.8187514168485, 10.7598706119074, 12.8329173148809, 16.8458519489238, 10.9255374239563, 11.5975741084714, 15.4739135419068, 10.3570258102444, 10.8947753784585, 11.738728222253, 15.0048855706449, 17.3272100565044, 19.119768605553, 16.2036953220064, 11.4440523776647, 10.8290621467239, 17.7741003331263, 19.1177441504246, 12.1513717366828, 16.3267271487449, 19.6280126444191, 11.1119492636727, 17.9592213277476, 13.5639189305129, 14.2986518269971]; 
invcost = [3.62885427784099, 0.447381167943808, 2.39646997695087, 40.5241083778416, 6.25944407233978, 4.40542345655694, 2.31825157777666, 16.6619875191152, 5.17281787964898, 30.705438279409, 1.67020095760248, 16.6029484455805, 2.96722032200646, 9.75641875152895, 5.49683914663143, 10.7184355652972, 10.5377076048744, 9.40333607390668, 42.310027867179, 21.904962648719, 1.568453059682, 2.97739877718588, 15.495724346256, 14.1884723703615, 16.5624004005536, 6.62414971133591, 6.26466479543118, 4.8876713570892, 10.6186956945265, 7.39165206033689]; 
A = [342.119233948181, 433.488509462886, 517.773924225004, 418.383728960287, 816.287349928456, 760.924521391443, 671.404748611119, 902.316714148171, 959.07528626553, 723.249434004527, 238.186632073253, 337.155283823612, 506.108756635287, 606.300408574677, 602.809863164414, 528.500622865196, 191.313548826759, 201.639705321868, 259.326504579541, 563.326549027092, 304.47029449466, 266.631384351728, 196.364308701335, 440.36107140522, 256.487826512217, 236.428058948074, 643.79954972903, 502.498647547616, 95.6687398151891, 611.479997311052]; 
B = [373.558169295536, 468.816718821646, 557.522684884994, 434.175554414223, 833.672221522745, 783.031350431975, 671.708490856631, 909.676777531502, 978.659768754906, 754.361493450338, 246.591094340956, 338.784104530141, 528.203022886275, 626.116202905439, 616.313817783318, 564.143966244404, 225.156924227269, 214.044555924392, 262.708968621571, 592.874634332488, 342.376847718495, 302.114245965185, 219.415768484886, 469.403990890886, 288.988917632054, 255.788967121332, 667.062095003139, 527.666799346287, 105.376706022676, 642.830533670501];
