numJobs = 30; 
invlimit = 360.0; 
profit = [54.8853562548175, 10.6359051839598, 2.62120624373264, 64.0651828093882, 83.2066993562728, 43.1323216086804, 75.3692940154927, 41.9793921067283, 25.8749568598972, 9.11175058513079, 17.7585160662441, 28.2242261970413, 49.2576042742227, 34.429108739275, 42.3658342121092, 40.5203738588458, 21.2449304106618, 42.4596673509698, 97.4084544431828, 58.9946335732034, 32.0661144197665, 16.8293329130663, 29.1714809606094, 44.7334820502275, 21.4683763467927, 5.54485506711096, 50.2399318582803, 2.77942821637142, 20.3643894350827, 73.755099565793]; 
ptime = [17.6752840426792, 14.1721579532352, 9.53374778425424, 14.9868145895893, 21.6462099416993, 8.67292741299769, 19.1120288874308, 11.8890991495019, 14.2128464257235, 12.4740653988995, 9.97522163793293, 21.7706259707777, 12.6721430331508, 21.0021817563984, 15.287436940194, 17.4015213897294, 23.4146906799634, 9.03026792096355, 21.6955994930556, 24.6334931675329, 6.57797468696886, 6.71443325742945, 9.19444174649977, 12.5486022529929, 22.6712918947056, 5.73035039203588, 11.1336305361456, 5.60288023602227, 5.99169719855993, 16.1489059128857]; 
jsize = [11.5768105274609, 10.8834418541888, 16.7895628300425, 15.2211959019839, 13.9741030784874, 12.9213273291331, 15.915583774155, 14.9198198510752, 17.7049626461679, 10.3534151983525, 18.9066716919637, 15.4741673411848, 19.5146590995335, 18.0786277489263, 14.9774738582158, 14.6548393087476, 11.202313686387, 17.3602820894157, 11.1041143656771, 10.2745748390181, 12.5931727855415, 17.0160210501599, 13.4985122781371, 10.0988528072843, 18.4035484175657, 13.5119746997273, 16.9772919821674, 18.6235846015723, 12.3225541965893, 14.7863993281082]; 
invcost = [12.1581153210007, 2.17417416133826, 0.660830000135875, 22.2936248283669, 30.54814351511, 9.87516885074399, 28.119182718202, 19.6261116023517, 10.9391921264328, 3.7109191652949, 2.97461771996881, 5.87429578301407, 7.11002058072376, 16.6707618482462, 15.1022592841033, 5.53529147630447, 5.81212951687928, 5.26055188563542, 14.2582210237632, 10.2865950258154, 14.296919484443, 4.39170526391421, 12.7510834290353, 21.6704866885132, 6.39948340917601, 2.0638342760424, 19.0746154207582, 0.503886967092189, 10.0800180428409, 29.3418890643162]; 
A = [1232.31319514776, 951.946738009002, 511.972937876137, 1284.0597639276, 1275.49641653521, 1243.74496360742, 838.920159363558, 1051.9355684339, 1248.78443873799, 932.888655967905, 754.319574393911, 1169.73560307702, 540.783345901281, 857.086559267299, 812.820045264477, 1041.8591693647, 596.219680403289, 1238.2833182267, 1257.38779375242, 621.247984910228, 1235.94464136397, 475.438373137741, 491.945510793722, 472.300707582996, 613.766382502761, 651.111558298827, 616.768289619417, 1295.51030798606, 1093.75072437166, 751.421932650164]; 
B = [1255.52775482272, 968.402634480926, 546.529327338118, 1311.13573661518, 1305.62520648894, 1262.47458721218, 839.612038414316, 1060.65029856524, 1251.59089378313, 952.916338441901, 756.399621041053, 1202.05929987571, 572.350314455217, 873.342449315713, 850.722070714929, 1050.16501536748, 605.792000502755, 1258.55762413958, 1279.48989405289, 630.42236112263, 1265.96256074106, 490.584003682574, 528.295826368732, 498.572943716765, 643.046892450651, 655.889570790101, 650.05210713943, 1330.22155280054, 1099.84290166083, 784.039712670719];
