numJobs = 30; 
invlimit = 360.0; 
profit = [17.881851886172, 45.1209160256046, 16.7415460567287, 28.560795279936, 24.4153155148016, 43.6925762750447, 51.4099257444467, 61.0671688004889, 23.7667451363298, 50.3768326822829, 33.0574870996314, 6.61517322406067, 8.24484113085547, 67.0215516389058, 55.0842199877944, 87.0225759733203, 67.6874893672828, 36.1351013425204, 58.9751600534385, 15.4256871203553, 28.6465236961957, 5.03029151065927, 9.82149350560959, 19.8424581903386, 103.93905703055, 101.783015260586, 54.4175409318013, 8.11709810772771, 16.5225601783523, 44.5492989940627]; 
ptime = [16.7044614087814, 11.2339159274742, 15.7954819170153, 16.9460957078875, 12.5233034340708, 21.4778419663734, 18.839786288827, 13.0293809319254, 10.3352726481854, 24.5999967976231, 12.4593118394076, 10.0574606273922, 16.3280735708906, 14.2061937211089, 11.6730719927046, 22.9426708283947, 15.9662739609137, 12.344657014395, 14.4347542508391, 20.3981721791931, 7.33394477015524, 7.36489324544065, 5.39530037539356, 8.28200875017737, 23.5781307861081, 21.33910921017, 13.125037052344, 16.4832307106856, 8.87987341038551, 10.3501573210315]; 
jsize = [15.2481251298741, 15.1285829875795, 16.2006309811922, 18.1469689664578, 12.7452659667993, 12.477449571219, 11.0465315344303, 11.3689034224017, 13.4022703589639, 13.0432459459713, 14.9111214678953, 17.9008179609583, 13.9725201105631, 16.872808059734, 14.6204315340482, 16.9706340289332, 14.7288038977429, 12.774880183874, 11.0498707351574, 16.3947682730904, 16.9712034721954, 14.8350179104762, 11.2049690987504, 13.9143519274305, 19.6376427297008, 14.4895186746133, 13.8839513003783, 17.6850479558073, 19.7762537543851, 19.3601322918485]; 
invcost = [7.0597558692434, 7.77823458916009, 4.60700012936476, 10.6235434316331, 11.2997944126845, 7.3924504494228, 21.8166470641979, 9.51497557905217, 11.3775899881058, 13.5947819711977, 6.31372417627471, 2.81378538262369, 2.15254173762981, 33.0518596673817, 6.30661490124738, 26.8392283558388, 31.0941759706513, 17.2583512809393, 13.5284277841948, 7.39310779519294, 9.47140503619311, 1.07586594877306, 2.33194948530614, 2.44431493159401, 25.3685244163929, 26.8692173472024, 20.8298893981381, 2.24700562155421, 4.5805864128332, 15.0973322451018]; 
A = [529.4916558007, 827.473539113085, 1091.71672558786, 830.361753715611, 1017.05875475299, 554.250682816519, 1006.61346757132, 953.660038765968, 503.480529307023, 1162.36950755034, 927.88640514206, 1173.31609316655, 722.885464437545, 1125.62256819557, 675.105103628277, 870.420525453678, 1006.4350780754, 850.485051968439, 765.241221494549, 549.007347331297, 850.489308010873, 832.966987219456, 1221.16831895044, 915.584706571624, 590.502640394963, 603.913075458303, 999.191595337861, 718.868285268854, 970.7471815579, 1276.26282635531]; 
B = [546.368599430913, 866.763110497316, 1116.93730088178, 832.032912562366, 1047.50340195651, 564.650816001065, 1015.88095290414, 971.048867973762, 523.914476187834, 1195.47872462999, 934.806072447714, 1200.57234899533, 743.624851202927, 1134.89056894828, 709.424017303929, 874.11842256011, 1041.94805726547, 884.168196382528, 804.975625154561, 581.646570064332, 878.403488811917, 860.417204671476, 1230.8245978508, 935.103995763745, 596.766409601173, 612.387841271737, 1017.54966486456, 725.289334467728, 1000.71950138764, 1308.34738784884];
