numJobs = 30; 
invlimit = 360.0; 
profit = [20.6635615307509, 38.8210534296607, 43.3053988617964, 32.1893083305247, 10.5494741104954, 10.6127645427883, 61.7782830114682, 83.3546981281175, 65.6097192491451, 9.40809052735112, 10.9732615900573, 11.9479359083421, 19.9782376703769, 14.9429659553569, 124.085485705805, 12.933765309929, 4.50003236234926, 100.947522065442, 14.9497193892771, 25.0546817193875, 118.072788856936, 23.9475963312439, 30.9119362918231, 11.4684261779606, 15.8447279839998, 15.7321435273625, 62.5638214573321, 38.2438051498388, 7.28425847641439, 81.9994391859983]; 
ptime = [5.33744427892655, 10.0861365653593, 10.4534072428249, 13.6828871819885, 10.8078416960928, 5.2122806063467, 18.2002432499722, 23.1212561059539, 24.9615302731913, 7.05506749594346, 6.26387575583572, 12.5192851939381, 5.00974927617741, 5.57522687022597, 24.9880014621354, 10.1149615124892, 13.6724296195071, 20.4252575596267, 10.2545883770065, 6.93236396983876, 23.8482274892143, 7.83098568611568, 13.0981296776573, 13.4953191759143, 8.20777684219771, 5.88989017956971, 17.2477880507184, 10.3198904984833, 9.39096783356628, 17.2809062964178]; 
jsize = [12.4918480748197, 18.7898414076567, 19.5296525901412, 12.3693890498896, 11.4696446420781, 12.3366394024969, 15.3896988903996, 19.9562842370321, 15.2615455308986, 17.1935597511557, 17.1312461549875, 16.4580583909985, 10.268988907174, 18.3135749221045, 17.8039905039345, 14.0310351488283, 17.471083502, 18.4633901349221, 13.5800309775586, 14.6499508282013, 10.9210989115854, 15.0070230546236, 13.2154171843737, 17.9844813349752, 15.0716457344264, 19.5470953687259, 19.5586580149705, 12.9284789733468, 11.4287595474187, 18.1604128081296]; 
invcost = [2.73217146762592, 13.7688605371198, 4.47033499532952, 14.5010736594603, 2.85731214026948, 2.85976604164149, 20.3194353774959, 12.9036821729423, 12.3059758285379, 2.51042958086967, 1.73720815277256, 1.99502859200994, 2.96805670141326, 7.04882351895104, 12.4702515413726, 5.14193156890613, 1.64210359812724, 46.6552994408054, 5.72173129423904, 6.29872705300791, 42.2166339457169, 8.04489506074191, 9.34448782839606, 4.94634816308994, 3.90640968194633, 4.80539625978383, 10.9519432934921, 7.0428026177378, 2.21509084930938, 26.7183477197582]; 
A = [1244.79487332918, 771.593975422404, 1104.88053008543, 1080.05218975439, 593.057303808966, 590.692586027399, 633.492782378832, 799.98023680747, 978.835316852012, 685.860412601828, 651.790825767511, 516.534227854603, 991.195273492767, 1214.61994718521, 521.324195069441, 1090.81820604628, 842.487891479972, 797.190805824215, 1194.02794998916, 1284.35161748995, 609.999623783569, 1047.12902033994, 1034.49032318652, 1037.56021339696, 1310.08253944818, 1019.4477814043, 1101.49945330948, 1109.20164621315, 837.965587270304, 453.668089755163]; 
B = [1266.3896167149, 783.086366891981, 1118.3194003796, 1082.4937088086, 599.248471328656, 628.259254109603, 641.450529347669, 824.780388296187, 989.340142698985, 712.34939419643, 687.192563706876, 538.761137617094, 1002.03227851776, 1215.27877921019, 544.418426207689, 1120.93723606624, 880.302096581068, 835.601650853978, 1232.52215937393, 1320.04773180439, 617.462613765509, 1086.42027450484, 1040.76992867691, 1037.67716582284, 1340.89852071639, 1057.25618801765, 1106.9877119164, 1126.92117056924, 841.08994988757, 490.55774987499];
