numJobs = 30; 
invlimit = 360.0; 
profit = [61.2704088628102, 39.9978438006406, 41.5721708789065, 30.489119999643, 18.8530520346159, 29.5141870919256, 17.0080709777113, 7.0558828032251, 40.5666218098719, 27.1417438913619, 54.1869324062185, 66.6493715131002, 14.5022989777288, 16.3075182669769, 78.9821843751136, 65.972293998514, 6.54363838095535, 61.484233491383, 51.8280583669481, 37.1322678530203, 30.6495408877011, 10.0842011305649, 11.1374215811523, 52.130004048915, 63.6476073491609, 7.75509817166729, 43.3673575672388, 18.6082407971501, 16.3236127452554, 32.8917635776819]; 
ptime = [13.4328394043659, 8.06068175147355, 17.0205741361877, 17.664180371816, 8.81536617168864, 9.96302472808066, 6.43336586691492, 6.26175228225199, 10.997649622159, 6.84365218495774, 12.9822795709572, 23.9101232831854, 11.8485142753952, 14.8332298239234, 18.703484162478, 20.6532348621986, 11.4072304288353, 21.4232152300376, 11.6266318712336, 8.72650183743522, 8.77304585061825, 6.17485737420343, 9.6572139509156, 19.9225299540107, 19.0794204920684, 15.5318004585051, 8.84676840471172, 14.4240385061724, 20.3894267131127, 9.53250846691111]; 
jsize = [13.3168350034081, 19.8558545477684, 10.9506131874162, 17.8825137839968, 13.6038875663626, 12.2076773716419, 16.9034235229414, 13.166773333649, 11.6572854366029, 19.5766822129748, 15.6853265085296, 18.7405152024751, 10.7022479112561, 12.0468109039394, 10.7155518210113, 18.2852055477842, 12.1037541028449, 19.3660207320574, 10.7631080570601, 17.2228283078328, 19.7598761147489, 13.0889916995311, 12.8072590919197, 19.0719224064889, 13.3112481885918, 10.1481021137009, 13.2041990511244, 18.1805723430834, 14.9854112461597, 19.0772568738695]; 
invcost = [21.0498515661889, 11.9801065440331, 11.2323958300903, 6.9515898915467, 3.01471035827809, 8.18752225894336, 8.18567313638195, 1.83692037997983, 13.3836987168602, 13.3144266782368, 18.496416553196, 23.8485967538708, 2.52467476138185, 2.70903378352117, 36.1290314104713, 20.6165953388641, 2.5355240294852, 25.0695523247006, 17.7023419970643, 14.5993494777577, 5.21361161531225, 3.45034962782491, 4.03751068950338, 20.9931611632389, 14.7026812148379, 3.04962493380709, 4.47761994195724, 2.4388519844603, 3.5033150825079, 4.17050916851578]; 
A = [932.823306241287, 782.287600325038, 604.57428546614, 648.181391518668, 612.089425875642, 1022.33666438001, 1295.57524006117, 457.226482442111, 978.454707500194, 589.697500571617, 1126.17061254794, 492.207843284884, 689.740670150278, 786.954913222955, 766.026697265225, 886.068945902126, 470.490411956633, 587.489009534426, 815.938319655249, 683.459841617372, 995.629012025055, 974.205595438908, 680.397575903038, 854.40617006947, 648.721916173455, 775.713768445004, 1313.10488992125, 656.262160100123, 631.130555759146, 1041.78974738675]; 
B = [959.541701162233, 799.33697693983, 619.335046945951, 662.993030327312, 648.542184592617, 1025.19432021488, 1335.40645592739, 496.000785011889, 994.386868047061, 609.541815337297, 1142.54724909792, 500.705318740947, 723.57040472025, 812.765500353386, 795.354285104315, 919.75712614418, 472.63356173292, 616.282891854719, 816.649125124075, 722.578261932155, 1032.16487980369, 1003.24609827276, 720.120617284919, 875.990212546787, 670.220030576399, 788.765465226484, 1316.42187737182, 669.970063014232, 639.476818508198, 1045.26306871192];
