numJobs = 30; 
invlimit = 360.0; 
profit = [18.9415136842436, 58.072402245909, 7.94776043302061, 11.2360313796216, 21.8136874662131, 85.1664951201192, 51.536729816631, 35.9376797180141, 28.7160928485666, 76.6999733529548, 6.56687190043812, 98.4026440969172, 51.7213991411342, 16.4921786884046, 19.7977907576887, 29.4974342824556, 29.5981928909061, 54.2204570059443, 46.0313085872027, 10.3498930049403, 62.5174970297842, 22.1668243673261, 64.7931907825748, 87.658395201899, 30.3428227937225, 47.3034704777988, 23.6026272758897, 26.6922979419743, 66.4869505005598, 47.6158589374074]; 
ptime = [8.28450608602561, 21.3886798159564, 17.4829507202307, 11.9725018282599, 7.99334141784277, 22.2765844724353, 14.6951234814246, 12.1092374271553, 7.60016665644326, 17.9637424903728, 10.6969069708883, 19.9488227753142, 18.4019002563731, 20.4493171248792, 12.75480652378, 7.64725371054081, 13.8010094233629, 24.0199894776045, 10.7101920867516, 18.4370509413164, 12.8158991665109, 6.14341124472973, 17.0019583864901, 18.6801538381955, 13.2236355277629, 16.0971705515032, 6.39708235769939, 12.8634514715295, 13.7539160541911, 10.3807216165214]; 
jsize = [18.1954348551238, 12.6300216491436, 14.1282317961036, 13.8852319063946, 11.5915019968917, 12.8486903875975, 16.6689484102775, 17.5311704802292, 13.6882407803149, 12.3961244803795, 13.1069819932939, 14.0860961081888, 18.3914825804826, 19.9372123906727, 10.8752191878773, 16.3723304421438, 15.8647192639986, 11.9916057852461, 14.3776684561981, 19.22899540562, 12.7431875232094, 19.8595011584107, 16.4954763115941, 18.5316532609654, 12.4220325322946, 13.8517279301586, 19.1532824667886, 19.6381820966742, 10.9830796844219, 13.6476482998384]; 
invcost = [8.62933712709069, 21.1300163845243, 2.45308352649878, 1.84509547414318, 8.86097425505746, 32.9108116091058, 19.1799209808491, 17.1433643419439, 5.97851235850337, 35.1098228966486, 1.08776772531483, 16.3684795065218, 9.76596726791173, 7.87196620714456, 6.51827739010061, 5.43350949514934, 14.148828510834, 5.49060153703025, 9.40968566373908, 3.88943021974108, 27.6920248780583, 3.35726771652446, 12.9167192441191, 22.0973533189717, 9.15172544544422, 14.2145823415239, 8.9008043363365, 10.6143861907859, 13.0478579647302, 9.95777913599778]; 
A = [269.452074649657, 359.910304739345, 139.029952817949, 269.332022727173, 136.226210017975, 226.694264513265, 125.726877618313, 142.122870866907, 241.383875756294, 98.8204953229996, 319.475504902596, 212.69659461892, 331.216355102782, 298.381377611726, 242.693769326406, 291.716164144353, 92.4805447372703, 262.717979097065, 219.526622943716, 169.905139285873, 134.033365943752, 92.9403822545236, 205.960733495554, 367.425912233672, 334.97100327153, 192.150713626429, 316.345053371674, 221.556699713757, 314.658388689234, 148.018297024037]; 
B = [277.289433188026, 361.288685663331, 139.474674912318, 271.134824500301, 137.787404139599, 237.389118955032, 139.471220304089, 178.091647094407, 262.252510585801, 127.357887461935, 349.513719275248, 227.251859074935, 347.464800354945, 306.779791082789, 278.830080145076, 318.829818135981, 121.368660802951, 279.77041676182, 248.509346344766, 206.803714181698, 165.859867278485, 123.259480966103, 234.2240444529, 387.96657137915, 369.846703778756, 230.355713726084, 337.54968108922, 232.423382737519, 325.124483390118, 180.285590325805];
