numJobs = 30; 
invlimit = 360.0; 
profit = [29.599168743382, 19.7892530123075, 13.5761994765155, 86.7423800260554, 16.7652697301744, 36.3415922522109, 2.62872940531391, 15.8487412601213, 14.0429637267462, 29.3091675971622, 39.9461778586136, 52.5544851289667, 82.3524218693726, 9.56231723601011, 61.5844213388913, 23.0293823043868, 94.132048647643, 36.2958312160992, 14.2630748444023, 61.6487999293785, 84.8965541045111, 102.285464457591, 91.9186579681113, 5.31312833930904, 74.9398670854861, 34.0226849075895, 40.0475268509981, 34.0822459404499, 81.1835390904515, 78.5836819078268]; 
ptime = [23.3992920958654, 15.7378474395625, 8.29224032425094, 17.6972113319626, 8.82093063335931, 18.6463420439149, 7.55633856085671, 11.5849839946008, 19.7546737095853, 6.48163524988993, 23.202480313536, 16.7028224216423, 16.8094004767482, 17.4037557148, 15.2607409169379, 9.90689197980595, 20.5531238369623, 11.9589931799079, 5.57160571724453, 12.6290530627481, 20.4825136248594, 21.2306187294031, 19.7596827103044, 6.48555539299393, 16.1813022343233, 8.66102005324611, 13.4137017410903, 14.6300550058387, 20.0590840763208, 22.8275498301088]; 
jsize = [14.9043291864417, 18.9772700476452, 11.8935465752394, 11.2594266272942, 15.524281339589, 14.118199385374, 17.5468341640162, 14.8859241375923, 13.2168532195416, 17.1454139338246, 12.9508267227657, 11.8350545241431, 11.6152199565263, 19.7869892207708, 15.2694752904717, 10.7902271237128, 12.2607379256689, 12.7452366651868, 13.2379684335808, 10.1687266438039, 16.0915594618178, 18.5842648234834, 12.1496795970895, 15.3837671827006, 15.77054505599, 19.3393251805522, 15.8688762561307, 11.2841777835342, 18.2202923504714, 10.9956493144949]; 
invcost = [10.1009640760198, 3.97466018676861, 5.627987572631, 29.2125613146485, 6.92816117084584, 13.1073622592959, 0.410491766990286, 5.5404433680718, 2.83659212304872, 4.57336446308168, 13.2329387466141, 24.060613489673, 33.6583650063185, 3.20175134498461, 30.5602352677821, 6.62427182056518, 10.2375635332454, 6.4080632337338, 5.8302792026187, 26.7279303887515, 9.25952425102678, 51.0977795864671, 25.9580804728652, 1.19362606128124, 10.1405210843134, 16.2694994442001, 13.6106861294062, 16.6584064407829, 13.0519922924878, 25.9203128667381]; 
A = [330.693436853829, 143.837507746593, 300.519780261508, 272.679057089883, 233.297112342944, 195.119921358094, 295.785715326898, 273.057206968231, 216.854964838396, 100.178103097539, 105.717200462465, 164.775850810745, 104.009269654416, 141.6938340829, 330.130863234065, 188.343462733418, 366.864776225612, 270.173061690169, 186.288335913791, 124.86934683639, 279.459719582295, 206.932421751226, 338.35302476845, 322.935915620451, 219.369810294792, 199.326490159214, 361.182854596961, 187.078772532137, 218.496240608309, 213.605016588056]; 
B = [349.076032087284, 167.878991718135, 329.080034278475, 289.689542056435, 251.035698246108, 199.397580955224, 330.608163077168, 274.89542301231, 235.728038841811, 128.21293091962, 144.207620011209, 185.270269288791, 142.183030502949, 160.565190738384, 335.04520214629, 221.034725874603, 374.621589299727, 292.271885958082, 198.878848294146, 152.196048457392, 282.175635025119, 235.175929381989, 361.524939983278, 345.203916843458, 232.609127896302, 204.711435242139, 371.565751295856, 211.53062060398, 238.893862717827, 241.647276295548];
