numJobs = 30; 
invlimit = 360.0; 
profit = [50.4738760280698, 50.6539520254802, 17.8783219424797, 64.7031594824493, 27.1200442014235, 66.313761951916, 46.6483595287896, 28.7071850240783, 30.5366852426372, 32.9018053425508, 22.7852737868792, 23.8556726955514, 40.1969092983904, 22.9785093371859, 39.0665549709802, 9.30277700843207, 4.8160267878888, 28.0383818403154, 82.4799136234536, 2.70531108887273, 38.0751826526474, 88.8719824484984, 26.9629299850617, 78.4079265434875, 32.6176889859987, 13.6489085893697, 39.3859849593368, 57.4269662243991, 32.6932768244091, 22.7501082981985]; 
ptime = [11.0735822472383, 23.6893156241085, 7.01582098212077, 20.5036363591344, 15.4933200812765, 24.6923993375047, 14.5423636099222, 20.9467238968522, 18.3445276067694, 10.7041949897164, 7.05608926468533, 6.47023830764905, 9.40290092753503, 6.21772507379725, 12.4191008764633, 19.6185347490256, 11.9343978853255, 20.4428689767881, 21.9297155837, 5.25804171895165, 18.2283629694267, 20.5980182390933, 23.5278979353108, 16.075474694732, 20.6505309288133, 10.8720157056198, 19.0760054056604, 18.6655869777507, 9.44208950271451, 16.9472443401107]; 
jsize = [14.5040198629442, 12.5526381881268, 11.1083780456214, 16.8542162242637, 11.7023431682304, 17.618633349416, 13.2612602149192, 13.2145357790778, 12.2039554077086, 14.6531365792628, 11.7019377201876, 17.2221571025615, 12.9988723466795, 19.6844852537618, 18.4433998374883, 18.777059948159, 18.0832379299916, 10.2363074642983, 17.6580581299425, 13.2954386092245, 11.7088713115045, 15.5963260065927, 17.837903613317, 18.2452134859565, 12.8222030607637, 12.8057564848024, 11.7657783797211, 13.6412136473866, 16.3038580070158, 17.5562404359075]; 
invcost = [21.5156893599769, 19.6700019145737, 2.89708468576507, 24.2508049046337, 6.5793504909347, 15.8785593205576, 13.0198523592101, 12.2387853793159, 12.6829619237699, 14.2160598512492, 8.65513312525406, 4.81476527117437, 6.36398079883037, 9.56634264321741, 16.6680003991434, 4.30461978260814, 0.996924555747034, 10.3123229250503, 37.388604766952, 0.631619727543556, 14.0050861606241, 38.5569377342841, 6.42416102297446, 31.6838629450361, 12.624986627198, 1.99763210620816, 17.6421871723896, 7.50621064189602, 3.8329223974688, 6.8155470298917]; 
A = [358.960828247194, 126.488870811554, 177.979229856668, 125.044496862459, 356.324631419019, 357.35223164896, 359.929592710686, 247.330830583184, 158.003567851191, 317.861992133411, 276.26959497225, 359.337934574564, 171.758977586582, 361.902575997416, 324.86196512344, 353.760751324485, 356.653455829508, 376.488188971442, 219.933119783616, 103.58547558022, 332.999405767378, 208.434621308198, 129.081793494171, 266.674983293981, 167.679877058165, 135.253321459707, 362.505488227751, 244.643516040721, 115.345227554278, 243.398552176778]; 
B = [372.952543546958, 166.434087795321, 201.316063843729, 146.739199057877, 369.830918419752, 361.293819316708, 378.018007921246, 258.327129221889, 162.208329405243, 322.588882323942, 311.553521541915, 370.071319846831, 180.879480686777, 384.835270687358, 336.494078207045, 386.901884259533, 387.19557630102, 382.058145909139, 257.551270487223, 105.483333749254, 361.222029436069, 217.729883754454, 157.097691266341, 275.816093830655, 174.60898786295, 146.171952877812, 389.18316486412, 264.701026821316, 133.153629803532, 273.857783883291];
