numJobs = 30; 
invlimit = 360.0; 
profit = [43.1142574668301, 28.9270275484313, 27.1225794775627, 71.4518397276977, 32.2404735220308, 5.92428776497483, 5.96664531373134, 89.6845026504443, 30.245144996446, 25.2512045476673, 64.0106066474318, 80.3035396115774, 13.285452752358, 9.26084122567563, 57.3323511128135, 19.902408534699, 29.4207568362542, 104.390273306817, 21.1279947372389, 15.7609003917674, 61.675270172286, 68.9666924490249, 25.1053497035669, 36.0963919535616, 36.178043458362, 95.166586182592, 9.41523456695835, 3.93335391781228, 40.3274663283881, 20.3246644386602]; 
ptime = [13.6820918918417, 7.31467905677441, 20.8731532812673, 19.3254899381802, 10.7008015678729, 16.0177899667004, 5.41378272776566, 24.7071441685437, 11.7561338810172, 13.5735294176978, 20.5171653332851, 16.8059947208413, 8.11275905595061, 11.8222863747037, 19.0740867218191, 9.27188264210841, 11.709591984154, 23.7798959967058, 11.0466448021677, 19.0259207180634, 22.2968431933828, 15.8566155017984, 11.5355882423386, 9.5021048752621, 24.5882243821476, 22.3779357048148, 12.2758644454678, 6.62601919055775, 21.8659001632486, 6.90588662331631]; 
jsize = [16.3759900156399, 14.6391614271929, 13.0478855948517, 11.8237976878279, 13.9823556337976, 18.3992527083232, 11.1130672200187, 18.8571126510238, 18.7442547788025, 16.7341195123339, 10.4216649563234, 13.5651191119435, 18.8352934886929, 15.9448280386396, 11.0860666795968, 10.9015241046172, 15.978670510752, 11.4019088954756, 15.2545882066181, 10.267405770884, 10.4752059604815, 13.6073739589191, 16.7345771667288, 14.0131826350999, 10.6439248846511, 11.378990377601, 17.1621032907681, 19.0452936907065, 15.2456681286734, 16.3740064875055]; 
invcost = [12.3404638188877, 12.1187943145246, 6.43234100440482, 18.205449436529, 15.5432666190712, 2.37818988016855, 0.919022988391578, 13.1788989837794, 6.63809720963566, 3.88003159983138, 30.4258597820638, 21.1169927495695, 3.52767566966186, 3.29538647146156, 6.37950625747031, 7.69535758946749, 13.7931463921509, 22.9318780770584, 9.08379076147965, 4.83670257300191, 29.7164538210585, 28.0765035866374, 12.3036673002488, 4.74159130101113, 15.7125652947596, 21.5792456816585, 2.66946341109081, 1.35212771610002, 9.14404861808077, 7.09749135097539]; 
A = [117.090094410856, 319.918905830902, 173.4119985428, 97.9502328889835, 362.931221743396, 230.802331767258, 258.066752104398, 217.911497812536, 268.741637498215, 162.38110300098, 157.150342122468, 357.376504568708, 223.966343121107, 302.689279985336, 267.832415876258, 201.466166214422, 219.680773968516, 282.905343440412, 153.04571123675, 227.654563991395, 230.020430353199, 126.09782366166, 91.4921365486129, 91.7698072468347, 244.120176883029, 322.755628942607, 328.189550927143, 277.333355223197, 131.252055438958, 134.320607840278]; 
B = [129.771723284787, 358.776082598381, 211.169205724888, 114.369798727326, 380.951663144674, 237.421488581491, 272.215918062959, 222.530526897364, 292.888118767406, 173.451185012317, 159.745889741855, 375.739079614761, 235.092640165363, 324.09763672221, 307.810130705001, 213.918118910915, 248.11186479716, 312.854002892173, 168.561024760282, 241.08563796855, 238.921535287954, 160.496041988619, 117.616432925405, 100.502232971224, 279.463135336386, 350.37968056988, 355.619324705074, 293.402953889133, 132.909580927363, 158.162737209902];
