numJobs = 30; 
invlimit = 360.0; 
profit = [6.68470252030023, 6.40241149616142, 81.2940245539706, 15.7954116552635, 52.8909929689239, 30.8750064077947, 50.9282370182557, 55.8902042831491, 18.8901094425922, 38.7261626034529, 22.0728656347676, 39.9866251375311, 16.2817033573053, 12.3936880395085, 1.84686063943725, 23.8084299235485, 26.0810551797832, 32.594301163643, 24.6617993949598, 41.7523555850838, 24.1239573422377, 65.5914919104546, 6.33762171499692, 43.8623433052088, 16.3251940921096, 11.1563455506863, 70.96218960926, 69.9453157060182, 86.598605895639, 31.452887555877]; 
ptime = [19.7940180008506, 5.4187659275896, 16.9856186842106, 16.2832893306308, 18.6130211413241, 6.56027496651229, 10.2241777469018, 18.8485569306344, 14.2149988730093, 10.581454763373, 6.34525934811176, 22.4561927072731, 17.3516617522754, 15.7059190877766, 6.07232182086985, 5.770067251292, 7.61468103212666, 13.1556184337937, 20.9268240026356, 9.89706803577072, 22.7589969124785, 21.3888959930186, 24.3775508485074, 12.0716666081387, 12.7860362999357, 24.4959484455767, 15.3071551403269, 19.1321994157928, 24.2000983023258, 16.51560218463]; 
jsize = [17.0355143038525, 13.655862547295, 17.7935470213538, 15.1771694893299, 11.9388548416432, 11.3964619290775, 14.9661981717962, 14.1392332596418, 16.9007601151039, 14.4539780303169, 11.8359641500074, 17.5527587681034, 12.1234422536874, 13.4712825349927, 16.4190707423583, 14.3282344636947, 17.0201419447997, 11.760925531076, 18.1577535360103, 15.0731729916054, 18.3757752008097, 18.6875019955861, 17.303531687835, 18.023084239837, 19.1733851816774, 16.1060965762034, 18.1556039043222, 16.5640059087441, 13.1941498898992, 10.5199552838676]; 
invcost = [1.64027566840592, 0.660429080687417, 22.0502907046946, 5.23950199042308, 15.6535877291992, 5.96034790358402, 8.54028010281681, 9.36759525950152, 8.04798085046663, 7.24422671830576, 6.13426522740818, 7.37498265671604, 6.82955743689006, 3.20816407806043, 0.26678631945511, 7.6638862495367, 9.12415068062213, 9.69640864895733, 4.55996344444917, 6.01045156763743, 6.49593697082423, 19.1195534313836, 1.90026998954062, 7.33766332948776, 6.61828265856563, 5.30725328579311, 25.4236254361205, 7.28287950498832, 26.6953004349624, 6.39719930616213]; 
A = [192.507606165673, 96.0303366226163, 322.134729539426, 227.559794165213, 215.010727423402, 213.542224502501, 253.068300265724, 200.859882033408, 126.366101499644, 317.000616506587, 158.432118199408, 271.498661408581, 180.295439123014, 313.274112236723, 118.474227371977, 148.498165187246, 210.153383418183, 220.690326636778, 232.831041581773, 110.665328688399, 144.248650362085, 183.001398542608, 351.446260666246, 190.720256747496, 111.226411973204, 207.717124878785, 169.447675753307, 199.841279968389, 277.084401200917, 176.957478220961]; 
B = [209.471714277743, 107.345094200784, 322.403606743543, 239.113434923595, 250.569784867969, 239.345409249976, 266.114505966172, 234.88853535124, 144.648856252469, 356.814216674617, 179.67093969713, 305.209529079285, 204.419447389701, 320.554953605404, 152.367215100778, 149.111543723021, 246.042022298099, 252.477973146506, 234.302314683305, 119.198643681363, 179.955886818519, 183.211557057902, 378.083670790508, 214.997866115693, 140.432063487654, 230.423792109005, 206.776045193986, 238.287105307382, 282.740517551529, 180.117152690043];
