numJobs = 30; 
invlimit = 360.0; 
profit = [60.6705867381363, 19.2110726903698, 9.80241978674169, 44.8482665067811, 18.9749783150562, 21.9968744555115, 18.8242488845028, 112.951072800567, 54.359240444617, 44.7323606135072, 26.8509275182584, 35.8851817732036, 14.242838067845, 3.29780932377747, 4.74619226704267, 47.8041135863842, 41.9639344702733, 51.2604013539762, 68.5374475649255, 11.6028383181178, 51.4418276892876, 25.8683717020777, 26.3698075878179, 9.4467781754257, 4.35103503437469, 46.6718043804453, 12.7462533206466, 34.8932422067223, 29.9396140128532, 3.13799940575892]; 
ptime = [14.7064844762078, 19.2194250178851, 8.43104337969731, 10.5923541253148, 20.5402000209364, 7.86512468182582, 23.4373856156727, 24.6749777235329, 15.3286199496182, 9.1835895504608, 11.2297188589505, 7.74817861957839, 6.94094439509429, 9.85088229134149, 20.0767280050718, 11.1282285694623, 15.8986775683532, 10.4757115742452, 21.2074452714483, 13.4951099639456, 18.705372864462, 11.1087373099536, 6.63819273901522, 10.0831259569592, 7.06459054433556, 20.0674423745519, 6.4528464388989, 14.9037437503554, 7.27397162806913, 9.67726313248506]; 
jsize = [11.0608761799467, 14.1073007213604, 16.3689331567213, 17.1790762651295, 11.7278731128217, 17.9814626445731, 16.5455899677753, 14.1328648224156, 19.3192373320805, 16.7981102443367, 18.8046176620251, 10.5057564154981, 18.3067611262207, 10.2045374954869, 12.8857106721131, 10.2480981077086, 17.7473344504443, 18.6426070860095, 16.9596763965508, 14.832341978212, 13.6311441829372, 19.2064523567941, 12.2528158857741, 14.1184174243638, 14.5986303265179, 18.6255700080292, 12.822328744321, 19.8656103307302, 17.6709026297372, 10.7875706644013]; 
invcost = [17.285040224635, 5.81573607009676, 3.11399093033766, 15.7429490907982, 3.2600875642256, 5.90039913354435, 8.14555944066868, 48.2526083390051, 24.4381625432877, 8.90476078245435, 8.15944286176993, 11.8100543863645, 4.14287970039632, 1.06166372832235, 2.00167539210311, 17.3858230769268, 19.1082524363406, 17.9595566118297, 10.6804911355744, 1.49619617794769, 14.3562006980315, 2.61642166416505, 4.34618362405675, 3.53713388519343, 1.04620000688208, 17.6731269399481, 3.89054965441406, 14.2743691410258, 6.99370618675899, 0.505457621432669]; 
A = [289.259178564085, 309.804200027779, 123.606427053231, 241.563321607121, 154.792788428266, 229.430446306816, 232.376439800148, 121.67385262977, 297.322933590806, 201.03163049104, 124.184537564987, 251.648187060967, 266.561298498588, 162.965125114, 183.407495922665, 128.664737976651, 235.643034416436, 340.752702976166, 361.64593153391, 186.884269324892, 322.738605969257, 357.161336252387, 162.220415196485, 240.964047840921, 303.941573718269, 109.861483185633, 197.477325750185, 231.869544052885, 235.001021726275, 102.587910239936]; 
B = [317.674615016246, 344.118663265546, 130.03480579057, 280.754961312446, 179.05937342018, 254.40927969453, 248.561865866884, 154.696560824688, 334.165346468816, 228.435730370639, 137.180730926523, 253.053832268799, 288.121746290487, 189.656184032626, 208.365438338775, 131.863271786429, 270.434474701769, 347.68122615079, 361.8377373492, 225.414369580975, 360.682445486838, 368.093116932072, 166.599823287114, 263.549168998547, 316.349122009239, 124.485471282405, 211.532951151062, 267.874441533024, 261.12130389781, 130.385353617263];
