numJobs = 30; 
invlimit = 360.0; 
profit = [4.96308029895123, 25.5691338197689, 13.1520833641816, 54.0113627701515, 41.0548141423389, 78.4857072506052, 122.025905628368, 75.4016632605548, 69.1982845869529, 13.3464991440764, 15.8199452707083, 8.28704561962952, 31.9692783170708, 69.7838532500964, 27.0647919342546, 71.2194820794378, 3.91690900674023, 95.4857530518535, 3.49800816257126, 18.8852445782751, 26.7477121750089, 68.8133761165123, 77.2508386676892, 26.5709071543947, 43.2556557134234, 14.6726256123115, 16.3184271071059, 110.062298326748, 92.9674056339002, 37.3428601819049]; 
ptime = [17.9717616479933, 5.85804551711534, 5.47429908399895, 15.3694093010887, 17.790948537599, 20.2767924422299, 24.823293796621, 22.3215570662388, 18.453259737551, 8.19672705374404, 11.1353762543058, 10.10942597861, 11.9353547021503, 18.9365403943094, 10.0160462199235, 22.5172467832174, 19.4782596373296, 24.6617990727192, 5.01872901077324, 6.38495959157761, 13.6276713431364, 19.5190317284665, 15.6320205527892, 22.3234172940131, 9.87471191281172, 5.55003414419414, 17.6899290994207, 24.9469130448499, 24.8066474256877, 7.57937244389224]; 
jsize = [13.8574618503282, 12.4120665722709, 19.719434559238, 15.9576380716109, 14.0395458592503, 15.1502310375014, 19.7416088919631, 15.9116524887881, 19.1934275735397, 17.6632744638881, 19.5219432564298, 14.6122706156925, 13.4572161288046, 15.5693849219618, 17.2215616276084, 19.7937780585839, 16.2711326580839, 18.9727585003469, 19.7237369521468, 17.7288754159054, 11.6789253824109, 18.1905985594353, 17.7135306378812, 19.1498127824607, 12.5906306443915, 14.3890905980217, 14.9803163305328, 15.9654688154582, 17.867950261869, 13.1711362315526]; 
invcost = [2.22100619409185, 5.45889928368308, 5.30626650874973, 23.5592445444971, 18.2298408782595, 13.1774529463915, 30.2860481312656, 34.5746296858352, 19.1039389921262, 5.02950434749293, 7.34608485458921, 1.11745076027512, 10.3604704847926, 31.4196308252653, 6.95325256988477, 34.8079709681772, 1.709442807435, 27.2423700885107, 0.831464246751749, 2.06391533071988, 3.77714380206147, 21.7816684068599, 36.8633596346357, 7.04772145288995, 5.15554764273875, 1.76260876285277, 5.21069231956822, 51.9645414485207, 36.9116893468416, 14.3108417287978]; 
A = [617.244920839633, 682.51299544711, 632.008882162525, 528.28916019083, 659.205799459877, 490.262548004362, 528.668984500608, 522.094434644478, 465.878087798379, 637.536329743709, 648.357172260868, 615.861893254629, 647.944073091127, 631.052385695784, 634.498624805325, 608.194175428981, 716.328824355161, 720.905980337006, 514.837030325867, 664.640329661844, 579.489081427747, 548.86548173225, 642.112996366586, 621.246533027015, 656.111518493192, 568.105219233582, 496.166030328166, 728.95511675355, 591.543505872591, 553.8744126375]; 
B = [639.463263041548, 697.643549117373, 647.962251363714, 554.338367345252, 671.150510435144, 518.214368389737, 548.152322285235, 543.535944583502, 503.834202074763, 676.859552253323, 655.407735799582, 647.630874695735, 652.726100187853, 648.062463705748, 657.067581018954, 643.545808429792, 727.802858155828, 744.736282909813, 542.649291269787, 698.384326558877, 597.408687108984, 553.251555328874, 664.578598197282, 631.515133072621, 657.715017203441, 590.100437311612, 525.542159794853, 733.673158116446, 610.632884983287, 563.296349786467];
