numJobs = 30; 
invlimit = 360.0; 
profit = [32.5163132562206, 69.3430842846831, 19.3342413103625, 63.2502570048971, 28.4665296777605, 28.6739310359166, 9.57842425682873, 113.263115877334, 40.4937920387156, 69.784861586781, 44.3105293548807, 106.588707965969, 52.9753836750761, 45.2445942122495, 28.8794686456043, 35.831849849998, 5.85379491586874, 24.9586798593443, 88.0466761518397, 11.4415092766069, 96.5964606039236, 18.3381997101895, 24.3737925633431, 8.97358585971784, 46.6720990007303, 92.4590522068521, 6.33709845122189, 30.5432096860096, 34.5201728205042, 33.6392651340186]; 
ptime = [10.9387655147635, 17.7730330791906, 13.43705463632, 20.1503837885764, 6.27574903345736, 15.7230183464001, 5.0458939473252, 22.9290198771986, 20.8343244471365, 14.9473607969724, 11.5548198350596, 21.9800919421501, 15.8327753027533, 11.5914271562032, 20.9558386777786, 23.1051459201604, 22.0909755053229, 9.29872684545225, 23.8019559248335, 7.01716170863257, 20.2252757156785, 14.6394411968293, 9.17775589223493, 6.05887399366756, 18.7965062883869, 22.1782462599199, 21.7212550256361, 16.0202282938602, 17.3336056748587, 19.0114434056534]; 
jsize = [17.3368867311736, 13.4877709805398, 13.9222983619416, 14.5224362643651, 18.6344309060929, 13.7892814605956, 18.2920016907382, 12.8285735489061, 17.4949767952921, 18.1389167371677, 15.9546384070223, 16.9300860261052, 11.613502158574, 16.4580777360316, 14.0471358781442, 10.7711608369684, 18.7595152342888, 18.6805046961189, 13.0656876241559, 10.7252649773968, 13.1497136400665, 17.5721987133586, 19.9204187648657, 12.0365672558393, 14.8270217202325, 13.3162739046945, 19.8972671954124, 11.6417907764922, 18.8762935381833, 12.2246079838914]; 
invcost = [6.69653276967339, 31.8851608248869, 2.45047537895769, 13.3274061421228, 6.70111912488515, 6.79701498476877, 3.26262526810677, 19.9652561175632, 13.7627617028744, 18.428265754252, 11.2920714497414, 28.2972543762532, 8.02738507698787, 15.7602256411901, 10.4114417464857, 11.7461186502844, 2.6002105584078, 8.55217522921701, 36.2194228192054, 4.53536095597578, 16.4550616659216, 5.09397420964451, 3.5724308314353, 1.0527048183821, 13.1567481960927, 35.2116695714131, 1.4364374689747, 10.1181254081998, 12.0412136637991, 12.9383471637143]; 
A = [667.072970067117, 497.402493434085, 490.791458916947, 704.963594585074, 598.470556609118, 529.152541419146, 693.803339130373, 559.309907271853, 549.296555830004, 578.60406711984, 545.20240216958, 532.436159521184, 495.40759246702, 516.855410033098, 708.428712928633, 506.652779218362, 495.374566886427, 673.072826169602, 624.554560866705, 626.998722900907, 680.405800424684, 721.721025841455, 690.401876220466, 588.384077261944, 632.355244112166, 524.937103816736, 619.769924574801, 507.233785076229, 518.752527761952, 559.140096400218]; 
B = [674.944604011318, 518.765410217232, 509.583143128223, 722.297818689876, 617.690708033258, 552.473973015104, 725.721514329725, 580.780838466031, 560.319772083783, 587.401334871539, 570.00820731345, 536.450458517371, 518.222363195363, 552.376661746877, 743.135079142839, 524.686185740539, 516.485936617126, 698.950034994104, 647.700835086393, 627.398622167668, 694.886177827932, 731.114356585516, 727.365918598865, 590.811089133051, 660.916612797092, 538.746600832032, 632.253385695744, 540.440671349868, 539.785886800993, 567.225811106156];
