numJobs = 30; 
invlimit = 360.0; 
profit = [65.7016230797267, 36.6244979859055, 44.299132802079, 56.4657459713405, 14.1547830153379, 26.643189594912, 93.1482038094374, 9.20323858935612, 8.52666191092467, 12.2753139726514, 87.2209820401296, 70.2039732308376, 12.549841464668, 27.6315491948164, 44.5196495239396, 101.310745111741, 33.6557905623441, 38.4764337450761, 10.6350628133028, 43.0187657612085, 82.7088690055687, 16.1652209540501, 6.73556397432098, 3.5011115313176, 25.5133717979699, 78.5083739083918, 8.32279004580109, 49.3781660048616, 49.016599716816, 17.7897394304576]; 
ptime = [18.5092045494583, 23.6767900352194, 18.2703382283887, 11.6017241572304, 5.76798723363316, 11.7847820670206, 21.5163242300589, 6.68427657119819, 10.1292284095083, 5.61113075919692, 17.8528502699205, 16.5363603450998, 5.21643992124591, 17.1840426288617, 22.0310486950229, 20.3014149573357, 21.6073160543664, 9.23121763033078, 20.2503080271897, 24.4267667595624, 20.2332431981864, 14.7875305320065, 19.3861898552239, 6.61383848698207, 19.7834331089204, 21.5742320510205, 5.78935577396842, 16.4532087752498, 16.7610479083319, 9.59858999437792]; 
jsize = [19.3419185932019, 19.0348459105674, 17.2080701675074, 16.185434106678, 11.4602470408282, 16.4563216002854, 17.8497384446984, 14.2246025956107, 14.3121042706354, 14.7293550599812, 19.822219165122, 15.7763904236605, 11.3546552913375, 10.4319402055429, 16.3878212770995, 18.7684137794564, 13.9010174782842, 14.4519699182131, 13.3425774494662, 11.9442493432031, 16.0178758565064, 17.514760090062, 18.0066785625819, 15.7026217460258, 11.9879078163191, 13.308631971669, 16.4509101916031, 13.7882566528223, 18.6290850897966, 16.4343566274272]; 
invcost = [17.1736773342291, 13.2799752843688, 9.90742944618002, 25.9415424217651, 4.3470824612102, 10.2998818647553, 44.1989024841744, 3.1111120774752, 0.957400167462936, 3.71872536634195, 43.036758586592, 22.6978049562533, 1.61327096629392, 8.65944095557448, 10.8622343950477, 47.3665321255206, 4.74819102305477, 12.2456682825205, 2.89999242254953, 4.78287372917459, 21.4660365791801, 3.03631323026854, 1.0669965311322, 0.457607842972276, 4.70974470854276, 29.318792436733, 3.11849269389008, 24.4767236250059, 15.4477485897629, 8.76004826857984]; 
A = [452.227597657844, 587.112782956131, 603.535440639875, 671.745967507878, 610.271894152134, 602.833414673844, 587.143406178016, 719.095641594839, 533.512688755838, 461.946837374877, 732.237053422989, 612.87192395096, 557.313297125304, 551.045162116077, 665.415953581651, 525.758929836968, 715.456805480233, 530.883174631362, 711.762946813581, 659.91192184684, 563.21557114107, 610.189729053431, 546.945970424677, 590.609675191922, 688.65600745475, 650.54426609415, 494.044941603662, 521.41840741983, 513.66904507885, 706.039582364568]; 
B = [478.419801849002, 622.211006349773, 603.954037644267, 709.281262376758, 648.513018467474, 630.371764727979, 601.051989341362, 721.843412411555, 562.777549032909, 475.19344466988, 740.537649969345, 651.371593856979, 568.012350699424, 554.365370694854, 675.08589726418, 538.261375421265, 728.083107323295, 561.434171566609, 731.40212323213, 682.579320783535, 572.656955714827, 621.329481843837, 557.662352345995, 603.111759685828, 699.958799688899, 657.714228852549, 506.338313831312, 532.006135677405, 522.962414115023, 725.399895598031];
