numJobs = 30; 
invlimit = 360.0; 
profit = [20.3571774224659, 52.0182803754208, 17.6158912765084, 32.6154529634015, 29.3611102956235, 26.8532861749105, 80.5018810372829, 40.4136250147304, 9.59805365461188, 94.2186311358048, 25.372913906277, 10.1984889865075, 3.08640382684855, 112.714451633396, 54.0202705788605, 28.3925986995587, 27.9263249566745, 14.4433532463177, 13.3164712047651, 49.2906220614089, 45.4791664641738, 49.7464738857603, 54.9175886487762, 7.71612818457743, 74.1451855575528, 24.5065504563857, 30.6081067980192, 41.9493590874679, 63.5816549298604, 60.2040405659636]; 
ptime = [11.4895177633459, 11.6233757321055, 7.31870807388652, 11.597888986151, 12.8196904061589, 5.91923835156025, 17.2768988422116, 9.39821530392708, 5.38450529581705, 22.3600832941354, 16.7332322053069, 18.6318372787922, 5.78227319654889, 23.506004025436, 19.3638936076878, 7.24397993047503, 10.9522177445377, 6.30709893919797, 9.76027980451137, 22.2471037698569, 13.4961011007435, 20.7878459317359, 16.6934461273376, 10.3900206328433, 19.9290109352371, 24.4927010605756, 11.4658539928182, 15.6148334379037, 22.2124079327898, 14.8957245981869]; 
jsize = [13.4551222994572, 12.2242100170389, 19.686989481264, 13.2631901375659, 15.4077175396587, 12.173084197252, 11.281071094306, 17.8842361489497, 13.2329951063199, 14.4308990060138, 13.3858082396626, 12.4404272952116, 17.8276756125302, 16.0541778701121, 11.0360616792566, 16.2272110585105, 17.7522253504497, 14.8122740186644, 11.3773030832915, 16.0611965106833, 12.5540032372987, 13.2867248034575, 11.1563270003999, 12.9515157923101, 10.134140961563, 14.5916269808396, 13.1184316831448, 19.9562893624287, 17.5891764406459, 14.2441989074105]; 
invcost = [7.81343743604548, 17.5475543831763, 4.88137252491921, 9.54032961463104, 5.7991065136049, 8.99302259275194, 12.1485935218277, 8.42383348703775, 3.17169450243377, 15.1216051788718, 6.04117940785107, 3.10003537562311, 0.345781029366271, 30.375707609005, 25.9574206131152, 13.6755341629324, 8.83876393014656, 3.70673745464844, 2.2773506333892, 21.7952766890859, 16.3458890274539, 8.4825658005508, 20.384899139846, 2.29976805007617, 18.5605094416831, 2.78138701815701, 5.40240928977621, 5.41172130523802, 29.9448386577848, 28.9549747460882]; 
A = [547.875088766648, 795.357471724361, 461.573657226497, 797.160112512936, 512.936129646349, 526.639037471126, 499.4986565489, 750.11051058504, 575.100863644429, 312.915592942988, 867.348382020468, 331.258858114912, 403.947226186961, 861.474151417591, 913.121789852489, 746.447786282399, 406.757471049528, 654.705907965608, 188.691172365916, 790.26906465557, 304.194519940017, 169.881049413256, 484.493761898124, 180.681276076667, 372.68075859785, 866.874095599047, 510.531751857687, 824.30309559512, 826.522076305241, 394.840416683634]; 
B = [583.871057501693, 799.111025435492, 495.675975520964, 803.171805711219, 518.655295022443, 540.050445204583, 531.683608869497, 764.044254299197, 612.905899553073, 330.223025728336, 879.003376581965, 359.753481597713, 437.788518456561, 869.705954885202, 921.085159660579, 769.760560274145, 408.849157266013, 664.353133996167, 226.382976917099, 810.267393080716, 305.955375465729, 208.313597788103, 496.458474263384, 197.560399678248, 391.569452889632, 901.695844205542, 537.890674312139, 835.93946155412, 843.387705127569, 433.822602400667];
