numJobs = 30; 
invlimit = 360.0; 
profit = [33.6920944056216, 4.75444042080472, 46.8938042795348, 54.2318942078382, 75.9778514350364, 5.00817148827525, 33.3508768515803, 43.5511770167099, 62.1541488793234, 9.53635174896109, 113.600270585813, 110.82801988105, 79.7657091484069, 22.6112022535074, 110.160488191689, 104.578843410568, 31.1058909924802, 71.3633733687726, 18.3137550512644, 50.3055188020185, 31.891220113253, 85.0765132368149, 30.8001780478817, 6.6213018696409, 38.49559793134, 94.7868665051797, 30.1021218556265, 10.7521582438394, 12.7480344578425, 22.6186258850198]; 
ptime = [6.78813112662151, 9.44957769204247, 12.286094425708, 11.1138789738107, 23.5017422618301, 9.44803087988691, 15.4189014641997, 19.2333575384164, 13.2970325580299, 16.038102890558, 24.3449037679163, 23.160071457984, 19.7698770256088, 12.2071167760824, 22.7390346764628, 23.6675495677309, 9.64644560987184, 20.5826980520929, 7.541535735273, 13.5318612252093, 6.80817694809919, 21.7550843844697, 19.9136853162731, 9.93491595788554, 23.543658221635, 22.0818934555465, 17.8300349215666, 11.5700952830623, 15.4314010203819, 5.0154158747323]; 
jsize = [19.7261980450333, 10.725848095028, 15.246917631974, 10.6031396682158, 13.2120035577352, 10.0300388207481, 11.0522057692093, 19.9844795133854, 10.4753806560382, 12.1964176063417, 12.512023467819, 17.1484003584931, 18.6032063917533, 10.821372610829, 14.4909806905644, 11.6639792438967, 15.9078788097945, 15.6805524484004, 13.8940912688916, 13.6246691250168, 16.1384013117158, 10.5401815741613, 10.8852680518762, 13.5513853609069, 15.2764696417832, 16.2000535424494, 15.7292949036584, 11.6172635664212, 19.5263705806271, 16.2316647748892]; 
invcost = [7.74839734080198, 0.571931961570161, 18.2171054103086, 6.52108263359301, 26.2425003426368, 1.38611125471316, 10.1537863150907, 4.68237268242915, 29.4818774449372, 1.45856761285633, 45.4009219427083, 45.0233058381652, 16.2578137317741, 4.38347806181686, 38.4285315146035, 12.0585067395836, 7.21487786626022, 24.2866195121037, 5.07441419564319, 23.5881394585237, 4.38567563362137, 26.4661146384733, 10.3841449105459, 1.03410037309475, 4.87485289811373, 19.6440176343568, 4.04127018003988, 4.18652283294154, 1.72522661861374, 3.43483751400385]; 
A = [835.12287757519, 130.269227238796, 630.212301925905, 792.456510571832, 898.913055473139, 355.603427475302, 207.051371925775, 955.486916275269, 589.814788502837, 150.437594661687, 744.062010046333, 292.167875750242, 170.223523404427, 229.980823230514, 507.664614764733, 458.42904524307, 560.471060721811, 377.150602565161, 881.538098941828, 699.789587507766, 360.656994404082, 593.856703590629, 765.050945117501, 856.509523462954, 325.787764374935, 876.712991345199, 842.882079591306, 590.980786444266, 585.37216221471, 795.964697399532]; 
B = [861.10765654956, 144.841375404004, 642.145957355987, 819.467392767177, 930.328667359945, 383.661877404719, 240.01731115667, 976.145330299485, 622.905418062833, 163.054259147458, 775.093881326627, 315.061308390019, 203.709500429602, 242.58494722605, 536.323680851757, 468.050372009584, 596.436460650827, 384.515257432954, 884.991966582863, 717.893353758057, 366.157250353844, 596.274577400072, 776.798843771988, 871.829507547811, 345.129528148926, 916.004604886972, 876.112924495592, 629.341440897142, 616.951924190178, 824.62437069077];
