numJobs = 30; 
invlimit = 360.0; 
profit = [43.0498268189169, 14.7153711302952, 31.0466882757044, 44.556759525597, 21.1052986905022, 17.4741922688682, 18.6058385295421, 101.504401922609, 53.361210939898, 21.3112890199472, 46.1699796883009, 43.6029297612989, 65.9981260845086, 12.3596872759013, 22.8767016304114, 62.597322750823, 25.1789552124666, 53.1630500311411, 70.2422448855424, 27.9379490306297, 29.8578369349823, 22.5001780080846, 107.354784058669, 73.2423613759643, 64.5161566097802, 52.0016531667579, 73.1008819201093, 51.9577953585686, 55.6541563211594, 37.0312739943001]; 
ptime = [10.7633240658272, 17.8360566532391, 9.48152585980918, 23.3262515817289, 5.79081830500077, 19.3035849438863, 7.0557581443838, 24.7683005683065, 13.9258815279869, 15.6603796496469, 13.7796425896351, 10.4415864316167, 18.4048748040272, 5.82366097527021, 10.6342966256432, 19.6983933623047, 5.70864217994136, 21.9575729130351, 14.1265586831009, 6.66002368917601, 16.1623975784898, 6.03259874325131, 21.5740066189457, 22.0866916963543, 24.6259555464546, 21.1944585038885, 20.2426765226791, 13.2508382402766, 15.9335077254801, 14.7561039018295]; 
jsize = [13.3956854334575, 14.6534715522907, 14.1308795454576, 16.2508828588287, 14.7880896663385, 19.6314944078394, 18.6812822150648, 11.5024555278879, 10.3895900743461, 11.7347962547632, 18.3329924270045, 13.5337746587255, 19.6340729493257, 19.6445700872726, 12.9405125322455, 19.8889239481396, 10.9021689494478, 15.4536669598345, 18.3451910830047, 15.895455091224, 14.3990699602063, 17.2037012824037, 16.5565876954172, 15.0602570234149, 15.8515862610502, 13.3672555776033, 18.8612895917121, 12.8799764256337, 19.4121535301531, 11.39904232859]; 
invcost = [7.50945463648803, 1.84429377308438, 12.8423167429581, 4.58606761251626, 8.7460239260773, 4.99352868512149, 3.4925979240349, 33.7526319689406, 15.0690816805467, 10.0176302098242, 17.5336939273487, 7.34883060994607, 19.7938225059317, 3.49297135294173, 6.71168287404387, 22.404060239363, 2.76081697830696, 13.6313125196391, 27.5563374102515, 7.94191824247392, 7.50232866752611, 10.8608338861734, 17.570561424465, 31.9593589296068, 21.5100902775156, 12.3730387456361, 15.3865708090542, 6.52444660862315, 23.1399800811255, 17.4923837809988]; 
A = [868.188182549359, 823.929334241914, 122.860220602866, 159.69715884875, 724.870868085626, 374.942003763125, 660.48401844198, 250.035663906265, 132.681962427436, 314.963978043852, 693.970803641751, 956.471678780131, 447.786739706623, 802.705029718673, 108.386175783939, 353.588928568238, 621.368781977437, 203.859648218495, 341.047740206864, 771.984965370856, 870.426923446887, 779.186157328341, 911.353482079243, 271.053789679767, 860.762888062684, 854.4434146731, 439.919745831382, 487.940731228423, 789.849947042755, 691.771737785736]; 
B = [901.252428319676, 837.360953665509, 138.681546921294, 164.914557255733, 737.014662611158, 377.436313592759, 694.596756844582, 283.848297754347, 157.100854886951, 316.1140236807, 706.897817593232, 972.140331652649, 483.340574468681, 815.192134557086, 119.865532558795, 362.547537080207, 647.101352651207, 241.068213307965, 380.319521389216, 785.751725357137, 898.626768521413, 780.687297788042, 919.766965304069, 280.279394889275, 893.977088798191, 865.329187383275, 458.368918681704, 524.424860104304, 818.627478165751, 709.57048021238];
