numJobs = 30; 
invlimit = 360.0; 
profit = [27.936461518038, 66.4308580244552, 34.2518566645359, 6.48477861311896, 30.1115207675558, 42.3821940108008, 6.30502650354383, 32.8486417847198, 43.0677372571056, 85.2169104527717, 61.3356556050102, 43.5520366461852, 8.91733428151235, 46.1965307778166, 55.6044741890903, 16.8682056603914, 14.1637953500655, 14.1467488660607, 6.99707145517691, 114.29213455961, 56.6958358600097, 42.7529376267852, 8.76105073460177, 45.0219455466571, 50.2510846938999, 53.8385442543147, 67.1684580361009, 47.479207289383, 119.221391086095, 2.67269705266227]; 
ptime = [14.3265925799182, 20.9008480491387, 6.90650453129684, 7.75423971736618, 19.72698469716, 18.8674644792512, 7.53047309407868, 8.54659524593746, 12.9466915462217, 23.091362659545, 19.4205978465148, 19.9283551402412, 5.98827801564222, 15.7881277387592, 12.948578332839, 22.2941051333066, 12.5266657010308, 5.25316578521656, 9.90074807941931, 24.445670461284, 17.6335268060741, 18.2387831259953, 18.555996002123, 11.7886442592734, 17.663137623515, 17.8518075237589, 17.908807677255, 10.8999984267563, 24.2216609912632, 9.9299599814019]; 
jsize = [13.6056175361627, 18.4583503458792, 18.2262125836914, 12.7301208842085, 16.2218970742405, 15.8737378196923, 14.6922773991394, 18.4245726587892, 19.4382347515529, 16.3755847285836, 15.1931458824539, 16.8166132611587, 19.1590241307939, 17.0285816558079, 10.2586274755188, 14.6793767076344, 15.3736854775376, 12.8944831300409, 13.6403140951731, 19.364212274168, 10.7571927142603, 17.2444415859619, 10.0819214354946, 11.9109787989288, 10.9008411887539, 17.7192213509302, 19.4031411852657, 12.6792529579722, 11.5214185328329, 16.4019837811765]; 
invcost = [3.05972003316379, 26.0659894651552, 13.3778309047446, 2.52651679425512, 11.4465039350958, 16.1484417689793, 1.95843856574727, 13.2644730653239, 17.3641907180038, 18.2812937627915, 6.33406504873376, 21.3391190129087, 2.22743782918767, 11.9891404535342, 8.82754586533597, 7.63283094434725, 4.24888622189031, 2.436599240915, 2.26365041032972, 23.0009299553792, 15.5181001769024, 16.3383025823538, 1.88617322272881, 5.27523594845478, 13.282609164505, 25.8429840812463, 29.4189882807476, 20.8263620090201, 58.5964551102607, 0.440980273399821]; 
A = [911.435001290191, 895.468765418995, 164.114047167679, 279.420769186675, 227.130844769576, 769.517727501389, 515.544170860245, 753.34795001002, 201.351744970441, 467.868003550909, 256.342610912689, 510.966781092842, 514.385293231161, 565.727186803149, 532.38402197712, 228.262664000664, 413.380763886342, 833.526584171084, 489.812176326319, 240.880085375599, 439.32600347222, 952.981903017019, 655.028040777964, 459.583921957556, 290.184195997627, 563.817388052661, 177.095134369774, 177.658211631357, 800.378530052149, 212.279768986981]; 
B = [943.687972555366, 896.601990293122, 192.266409948692, 291.339880482434, 235.915036738125, 798.623023475283, 552.971919899006, 762.368484512695, 209.871844956727, 506.914436003289, 292.024362224152, 547.114071042929, 537.956755496256, 584.981144447611, 543.136600917832, 236.626064264692, 429.903463138038, 842.657580958792, 510.055841009874, 248.613745346815, 451.1069635056, 967.373972601382, 677.165102469712, 490.972511652495, 319.032327236327, 567.54202733793, 214.106756531767, 211.686606356165, 806.683593651794, 225.616368300611];
