numJobs = 30; 
invlimit = 360.0; 
profit = [8.14907904237255, 34.9642322573567, 59.5949958752465, 8.88960946466349, 26.5112597737111, 19.8732598682356, 6.48604903232671, 50.1864818874973, 13.2894704753539, 94.9114843433201, 9.84852038572675, 69.3842777696376, 55.0652230317038, 50.0410995744945, 20.2398312970615, 4.48742182414292, 10.1093955450627, 32.7860452808361, 109.91877989248, 41.2971029275287, 35.398339172403, 11.1055360178513, 82.2488701808246, 18.3580016061263, 17.5779130411962, 31.8434218992305, 100.241244408424, 39.8170790224319, 34.4249293992389, 24.8784996781259]; 
ptime = [19.5888566619268, 13.2746312310693, 18.6914958122244, 22.4539469932416, 20.5396045801606, 5.82656370700629, 12.2661250372392, 11.7386338034521, 19.0887978934189, 19.4888490864128, 7.61411301583568, 18.3081716760272, 16.2152155549933, 19.2697518660536, 13.366132378775, 9.77287304766218, 23.8999921488956, 7.1869005372914, 22.4433232185833, 8.68426649310644, 7.34508836147214, 5.51697721453456, 19.1374749932282, 19.2052162614459, 9.54904200771555, 8.50926318829646, 23.7221289056475, 20.6613781266371, 11.0531669995211, 12.8171181938795]; 
jsize = [15.4524044729661, 11.4160150544325, 13.2301149391268, 12.7835886091764, 17.4540130893429, 19.959319939198, 15.0323727835728, 12.2758994407188, 10.850579435354, 10.7819443017934, 19.9177542577686, 12.1576241679962, 12.8074171298934, 19.0408030610562, 16.3217863929451, 18.7762063553031, 16.0460363272819, 13.4265032099896, 11.6039800737881, 15.1964302527154, 11.4240998959795, 17.7823706417906, 11.5212364595315, 16.6797258614591, 13.6366796225469, 10.0139119090723, 13.4324808818743, 17.6410082810594, 13.1710135630436, 10.3506839085953]; 
invcost = [2.09469484660382, 16.3808998469939, 19.338228321101, 4.27255595408033, 7.51727474102128, 5.79538588557647, 1.65537688646391, 10.9417557582665, 4.9712196042286, 44.593820623543, 1.56175065420336, 31.788183280587, 9.39571191888022, 18.981711990231, 7.03189673373713, 0.992693216813183, 4.65992255696742, 15.8147741106031, 47.8059359155707, 17.6661646233339, 4.75733142734867, 5.51360474636981, 26.4664004114082, 4.0342742481672, 2.41651873309541, 11.8541780221894, 18.0757722194919, 19.1152936246075, 15.4890675354991, 9.76634862998406]; 
A = [864.21981483128, 1224.40717820243, 961.960395708679, 940.913681522833, 803.190002947849, 948.974671978374, 1167.3002534874, 1162.40467240052, 739.499187490033, 616.859986216683, 944.008963074391, 738.642615670201, 1205.0523154305, 1273.48517500921, 557.971621319482, 812.454186515073, 548.964009242179, 1062.86323025644, 1252.27542161199, 1004.94773449642, 581.374364230761, 548.437082316815, 1126.171629751, 929.657407649293, 1234.86649336226, 1141.46099367673, 943.265169104433, 591.017060349388, 1224.34185303128, 706.284484324027]; 
B = [888.721706209263, 1242.31292426547, 967.968946485512, 964.83032714809, 838.38746164242, 962.988523873403, 1191.45407520489, 1184.90047034476, 746.833934463028, 655.177376927405, 952.076899149586, 776.510884524741, 1218.88948898335, 1295.98058562957, 559.101159524488, 848.661335534814, 577.430722518357, 1075.31739831832, 1284.23113251361, 1043.74941927467, 617.981304122666, 553.332014096311, 1130.90120108439, 967.660651262585, 1254.55562959293, 1142.22139704633, 949.675887899783, 603.492850392003, 1235.06974270201, 713.082160318617];
