numJobs = 30; 
invlimit = 360.0; 
profit = [39.4656926163574, 56.3596790980116, 38.5531405921298, 4.52678698069992, 8.25654222392298, 36.4237005348219, 35.6940982059353, 43.2662966844275, 36.8848758375115, 29.3599252836838, 78.1802855977774, 34.979800865443, 66.0834606404618, 23.8067075486733, 13.1159340396729, 55.2282790910656, 10.0789229748899, 63.0465903368725, 4.60000219288252, 103.094297873484, 12.7004591125822, 46.3634786455753, 76.1918543068652, 6.02921842278337, 15.6026016883446, 46.9902322569935, 8.66135229245283, 66.2235850164852, 21.4804590406275, 34.806643696773]; 
ptime = [10.9682328425747, 21.4238600902535, 18.5541266936106, 6.0253777415015, 6.39741020517392, 13.1832707250274, 9.19895192434819, 14.5315381135904, 13.1408884876252, 9.26985610412612, 22.6283202506117, 15.7825994796876, 24.5724644866791, 6.37588961024613, 11.7339575102775, 23.0538982474305, 5.41792830289658, 16.8622397769183, 10.5757190015948, 22.1051347838224, 15.9922546890229, 12.2742327297819, 18.2784034305514, 5.05366232303307, 19.9361574057227, 20.0345337518175, 20.7449256073326, 14.8084397645388, 21.0905261783654, 13.3695786898743]; 
jsize = [15.4776183469534, 19.9170981459566, 11.8103574570522, 10.7251137218004, 17.2799463741673, 16.8652785644383, 13.0618928001961, 12.6063010318039, 17.1590428911626, 18.7899050327906, 15.628689084153, 19.8240932780101, 15.6757419496113, 12.9938043514831, 14.6431768821607, 19.3356108897574, 16.7327902486023, 14.673304524712, 17.3677028694922, 19.1379570961839, 11.6413862145376, 13.1953371905186, 13.3615713895679, 19.1303267723214, 17.5423933190464, 15.2393232392519, 15.7615214777983, 18.1149615149389, 16.1422669004259, 13.4117811062445]; 
invcost = [8.79981262430227, 11.3086424914509, 5.98975007052809, 0.752979102323371, 1.37164095248926, 11.2872225716128, 13.0326960466116, 14.6486610182091, 4.18886236110502, 8.86841045861508, 26.9167198356192, 13.662642002552, 21.6655426838752, 6.45815165969548, 6.38574540875978, 24.2319637859905, 4.85242864930366, 23.6947152621714, 0.588726340112143, 42.5158637073317, 4.39520695333999, 8.27746648067048, 30.644951190385, 1.96635281807426, 5.04034701126287, 14.0328425970327, 2.36830103553725, 8.49757736481344, 3.84461745522454, 7.14497384988134]; 
A = [1032.82782461412, 644.440084996217, 1013.63092199121, 741.295724789554, 1288.51654153427, 779.508616200594, 729.094005109747, 786.103684149599, 908.827253252846, 1290.11138560023, 648.992761145947, 971.54872536476, 719.320329715498, 637.87289280014, 903.996148062928, 1110.38589143745, 634.1969295272, 595.829528124, 1261.01897117878, 1333.59206376957, 820.316834566939, 698.534163393315, 974.938009786888, 1019.99308583502, 828.134127144448, 586.554181835523, 509.07577221499, 517.790388976861, 992.288475196746, 662.251326851381]; 
B = [1034.46780426478, 682.055164227732, 1022.97488436438, 762.118370622129, 1295.26281360964, 804.803094698321, 744.584869995236, 791.334311866037, 914.992724744207, 1304.9162909984, 675.611953741131, 983.98517710021, 752.74150381235, 676.706218545669, 934.038940282332, 1145.04869200149, 641.564678473541, 611.644459357563, 1284.48685959392, 1346.51172222218, 822.396990508446, 726.453710699428, 994.015809461419, 1039.57667563375, 828.695934133243, 608.677751663605, 518.441435623748, 530.448153911842, 1019.87201428521, 685.48720601651];
