numJobs = 30; 
invlimit = 360.0; 
profit = [68.0368234881726, 8.41056477042137, 4.31059505475514, 27.400241886485, 15.9025623367765, 92.7284005255067, 45.9127640184495, 13.6935707820348, 25.0066925269739, 9.44812195352575, 108.427468339273, 59.2875841593427, 3.5884689496086, 16.4841837579911, 29.9294624020058, 17.5961217604185, 89.7969183672045, 33.7597988397657, 83.6399846337712, 92.0280455516741, 34.5151051966459, 46.932988206834, 53.6088078671202, 94.5512148984813, 50.9897439018885, 28.6809444858096, 5.89190892381419, 55.7598926826314, 7.67636101665417, 7.17744727701725]; 
ptime = [16.1774469688772, 8.31113165356618, 7.86853624001997, 13.4671050926095, 16.9556292489118, 21.6696397045217, 22.8812891944896, 17.5421840765775, 5.0630069997022, 9.00223758538695, 22.6701344564035, 12.6158099788607, 10.8193230986863, 9.23116009563585, 16.7931760760315, 19.469134859668, 23.4427729885508, 8.1320054123131, 20.0214459991286, 24.6105053059199, 21.7233439781296, 14.1425901443987, 24.8688772926587, 21.4241052980082, 16.1018566354481, 17.1844813259642, 14.9978532808591, 12.107809577178, 15.6834111028919, 18.3145413283194]; 
jsize = [16.9433224010134, 11.8130318874738, 10.2410482608144, 16.1336919372119, 18.3265667731324, 10.7681381545153, 13.6963785076509, 11.3759205468899, 16.6161234386864, 19.3043195166474, 19.3147783448572, 13.7638869181543, 14.8366261468543, 15.6269189323115, 12.5731848813698, 15.5997726498021, 11.1422719362835, 11.073069531676, 12.9770437937928, 11.9403852919824, 11.5563594109239, 14.4885709269434, 18.1815215755449, 16.7949264468473, 12.9630077164551, 15.3845486354125, 13.9478350090019, 15.5260366099734, 15.8405579090927, 14.8388146918268]; 
invcost = [32.7207663758549, 2.42075803778336, 0.917642782660738, 9.11729578082962, 4.7356104283411, 21.658211904823, 10.1321792120084, 3.89067401210425, 7.58972095612435, 2.64189527265143, 34.1742758368658, 19.9302375920597, 0.699112783726534, 6.42534356742573, 13.3969054177647, 6.66345705920866, 37.9445850807769, 5.79292924366621, 20.8246183231423, 24.2225586378921, 7.49464285225648, 12.5014053236204, 19.9593576453614, 10.186427913603, 19.8692769086806, 6.87601632659864, 1.57537855082641, 20.119542857347, 2.20928418341732, 2.63920730387378]; 
A = [614.868909057738, 1113.1637608714, 702.409833280585, 687.147555174386, 1348.73613262419, 1040.72716075707, 485.348765375826, 646.749613017982, 1040.62519039315, 1099.98516832127, 1019.73500550232, 628.30138316887, 1248.44971219414, 490.670212017436, 486.703203786661, 1114.68520794674, 1218.22896049784, 990.77802256009, 1096.41881016015, 707.327957391331, 817.281920977567, 1114.9080287512, 710.244233710044, 945.827424410483, 820.144146847608, 1051.75695330945, 464.332129883318, 984.102407319768, 988.495639021148, 1123.02460692212]; 
B = [639.91058577831, 1119.25884870729, 717.159555421965, 713.829135060931, 1349.85405939652, 1045.33656693702, 511.570178427394, 651.571510684593, 1041.58735595739, 1111.58467029966, 1047.82954368924, 641.858283189011, 1283.50945389907, 523.877976958341, 494.810289810243, 1135.35706702358, 1241.92052424979, 996.46653184816, 1105.22373532522, 730.69550179156, 847.563932131427, 1141.66985922731, 711.022992079136, 961.494404307755, 834.447638892222, 1088.9659647376, 479.492391394588, 996.986041813381, 1004.21380074623, 1158.52422394461];
