numJobs = 30; 
invlimit = 360.0; 
profit = [14.3280529889361, 66.3346092182544, 20.5796142000566, 38.6095147180402, 4.58780721261841, 22.8319663071676, 65.8035504841462, 24.2741380495078, 40.4086123704737, 27.9773039931776, 45.0060776253838, 36.6399296701554, 50.8250678508429, 10.0722579703685, 25.0070896346682, 62.704530202216, 4.08229828515356, 20.722545912613, 18.0328155529689, 100.36709673867, 23.7747053553275, 81.0651535354836, 89.2949689741756, 16.1266117770884, 45.9057638197748, 31.3548345199875, 22.1618743767167, 54.834205171342, 34.7022833256295, 39.7463672953793]; 
ptime = [17.0040048108056, 20.4552146871584, 11.4303831517517, 14.8708432797355, 5.61600911452458, 7.64289230867081, 17.7795682865681, 18.7946722010754, 17.303227169774, 20.4600424698269, 9.89504174556698, 15.1386318879477, 24.7439026714533, 22.2909218199345, 11.2547672922532, 22.5394684180566, 18.3608919892868, 14.0912826761627, 6.43431750059533, 20.1007959736227, 7.13621674482969, 19.9776228693227, 21.1570585268197, 8.67776364161663, 13.5634147070888, 23.3729329007791, 11.2367620121025, 17.1583407869315, 15.7015773878627, 18.6860372841125]; 
jsize = [10.3826703287462, 17.7327427711682, 10.076087782689, 18.4063079790342, 12.5458291750683, 17.0636897447482, 11.9673914729781, 17.1511825459804, 15.6234428411866, 13.072776559113, 12.9891357119495, 12.1567631265037, 17.7798026445301, 17.8292184333989, 12.9821198996419, 13.9317677742412, 14.0561402964167, 17.1639366007128, 13.9162616032938, 16.9116504516932, 16.1103025345248, 15.9174684331912, 13.5593054409342, 18.9803742407713, 13.9072568732319, 17.3626638167887, 18.9382011605049, 13.1381193975576, 12.9166036667088, 13.1826970353064]; 
invcost = [3.37485643092031, 22.9683681523639, 5.30463843753827, 15.4228997097431, 1.99787295363599, 5.80648073086707, 28.2755811933441, 7.3731636185411, 18.3200126429901, 6.02381451667062, 19.2830446540519, 10.3934235587829, 21.1921980966996, 4.57283047055711, 6.13806596095279, 30.1175309248625, 0.891029584344073, 10.2289406841835, 4.07831211496049, 22.2057816666658, 4.05631802873967, 32.5819748147946, 11.9437692721662, 6.49358520038738, 13.1183767258737, 4.1611534260902, 3.72400367952921, 11.5706938201286, 14.6714535864202, 17.4453459814343]; 
A = [1073.90045481984, 985.058827913157, 748.291123327852, 556.621231580692, 1259.00983960692, 592.230396224648, 596.310571203333, 1284.74692074173, 1022.5506919428, 1146.18241022918, 1196.14575898039, 814.27638002803, 722.824029261377, 511.200347214838, 683.621831447241, 733.845565658826, 642.590299675486, 1315.48886173335, 1123.34574530146, 535.432083069453, 1129.58110630674, 1160.24556851257, 569.613911445791, 872.6199099031, 609.230372616512, 577.699928593666, 887.124254438936, 778.253316745099, 754.713668708515, 888.903194668393]; 
B = [1103.8824189875, 1008.85426466002, 755.169601899806, 592.634546734546, 1281.08901727266, 600.816187184837, 598.067567825028, 1304.45728254825, 1027.19326016588, 1166.55640547383, 1219.65360541622, 820.990563742462, 758.11772201465, 525.713052580554, 702.869478711912, 741.095879448941, 670.996903287666, 1334.3374514829, 1158.53204324609, 558.894461894366, 1130.7290648883, 1166.97121065612, 573.761227893604, 873.228436979327, 614.199260540904, 585.961980442383, 920.504666898966, 801.390360956689, 792.132294875155, 891.745780017623];
