numJobs = 30; 
invlimit = 360.0; 
profit = [59.0765792232883, 30.154121644566, 13.4868161177182, 74.3213313603808, 76.4626579506426, 19.4286057087201, 109.61384772984, 72.7394294900374, 44.0231643743757, 70.4625712023071, 13.1648300848092, 43.432309570234, 4.15070045778832, 61.5623024861793, 13.7395270339023, 28.0613445380637, 9.05059684704835, 84.0134583326542, 27.6679691964417, 74.2507474199879, 41.1488043929853, 77.2958285995426, 57.8403853117514, 4.18907407914107, 37.510380521808, 36.6927805980999, 99.5477518412447, 35.1743973065608, 9.80086139677226, 57.2531353272766]; 
ptime = [13.1207900695378, 6.63096467147789, 22.4135052313129, 20.2790169847986, 16.0448470777603, 6.72986058667383, 24.1248353147292, 19.5887862059453, 18.640967078533, 18.1686506296318, 13.8358812947252, 13.1210993885553, 6.17759894483534, 16.1616992064132, 18.0566626746858, 6.85645936553085, 6.74946848951325, 24.8466267826078, 10.4831344291174, 19.8823572585412, 9.69129054453742, 24.8153104065625, 18.048840169917, 19.1662412833012, 15.881915958203, 22.0408965987988, 24.1008148545785, 20.9881074208299, 7.1387092146232, 16.1058485233341]; 
jsize = [11.1585711225465, 10.2217059392604, 15.44602900046, 18.6571799603175, 18.8686384152033, 15.7640501375661, 18.047041094173, 11.4221972875007, 13.0115317681882, 19.4990107693145, 13.357299233862, 11.1006741424767, 10.9344734378103, 18.3415240837432, 19.9358321601902, 13.3148271553448, 16.5449138171206, 14.8355639119644, 12.7339449200925, 14.8433948137158, 16.8877796737208, 13.7523258380135, 11.7741857987556, 17.6912848488697, 15.4498411710061, 11.6517664356347, 14.3483388426246, 10.1692739066482, 18.4829445276384, 19.7627004595488]; 
invcost = [6.30298019645206, 10.9893816455483, 2.56605949242276, 8.17006883586888, 33.7480299117177, 5.66079972204152, 42.3430649516858, 23.4411534034974, 9.58343980327176, 15.6956903444319, 5.43100461160274, 6.17894545276018, 1.36926142928776, 27.7928355790401, 6.75351912600525, 12.7934162473955, 1.10847655122744, 11.6397936635767, 3.50438624315456, 21.5820450986225, 19.22294238653, 36.0621749405197, 15.5302124580352, 0.573863078699447, 18.2655223682589, 7.53704419155548, 18.2293040265538, 10.695066652829, 4.51901557964023, 25.6326331161317]; 
A = [736.063861355389, 531.144014418069, 458.047310205707, 1219.49748326785, 678.898617198395, 511.732862928026, 957.774224781084, 654.158549694324, 827.640083707309, 1254.20069985434, 756.891960511821, 906.225742625553, 874.824012999916, 1089.55444840483, 1088.41528397984, 511.018904249146, 1255.57140326597, 848.757599381592, 1315.67393625966, 889.867259228347, 730.244830624792, 804.235764104244, 1194.89675332763, 1240.62643415017, 1323.3833987028, 1211.6860228274, 709.739739169829, 589.704050543086, 1231.37561285205, 1089.81874303748]; 
B = [760.064238492615, 557.029413608553, 458.361633072604, 1229.57707837041, 718.369883660966, 536.370146249256, 994.314892492643, 683.888184167768, 835.479615724615, 1272.22174801938, 772.580401377897, 916.255627980114, 879.625871716559, 1116.7112836441, 1118.31897198439, 531.259081049648, 1258.88638033079, 866.344056400693, 1330.37883252693, 912.148332014098, 751.446082803183, 811.036641128213, 1205.87161451449, 1248.26865707021, 1338.89488190716, 1222.50138266005, 745.662860533446, 600.106423205032, 1266.47391901338, 1123.17977331993];
