numJobs = 30; 
invlimit = 360.0; 
profit = [72.5007100152371, 84.587175537378, 77.4612002762251, 20.5284854318705, 7.44098544707003, 65.6091394743242, 46.7569015318027, 7.51796508354574, 26.3962242451322, 57.1452542429977, 51.9808990784908, 8.54037575145491, 15.0745557053961, 37.713103948066, 3.30810228387037, 19.6788050909435, 12.68542965235, 29.0865637380855, 27.7245473885549, 9.63055305427398, 7.78342292490737, 40.496578531287, 33.7022688787105, 20.8582281861654, 98.0450337294547, 5.69098469903453, 14.6925102362678, 2.75341419949353, 56.7544198235791, 77.6838058976845]; 
ptime = [21.3129073260208, 19.2974305886804, 23.6502279794325, 15.4507354728893, 8.40048309834851, 19.8613364841568, 10.9108399342471, 14.7066028644241, 14.3427838447845, 17.7979860064205, 23.5611549048039, 13.5593765299399, 15.024934449308, 9.70191121296492, 9.6978949280193, 23.2711248876295, 21.0515030928706, 22.0136282990952, 12.5625625455099, 14.0340072463742, 5.31793687835699, 12.2445917577752, 12.9857070601239, 6.10278098732513, 20.9030747816217, 12.6084377121454, 5.29847619964156, 5.97220135099814, 12.8374230136348, 19.8497926463722]; 
jsize = [10.4719726862328, 16.3626774383067, 16.9017642390542, 16.5331557330256, 16.1044743195389, 16.5889257026767, 19.7256193153071, 16.8814873722829, 16.6708502566436, 16.9556663457552, 14.9768843518103, 15.9188941358259, 17.2011497720072, 11.4558926790193, 17.5178640758666, 11.8848718137346, 12.2748896370325, 18.6620465610774, 15.5474023401191, 12.6225011802193, 12.6019652241249, 18.9292849026909, 10.9478031739712, 12.0083817880614, 14.3026131488045, 19.5876426330352, 12.7336043364863, 11.2958979397514, 13.80538732905, 16.3696707462075]; 
invcost = [13.7379543127679, 29.5774519019625, 25.8679527338212, 9.73492114829894, 2.17013511325053, 16.2233361520091, 15.5402966998782, 1.19244766735854, 10.9437559515008, 19.4133830459773, 15.0083728938921, 1.77531233284137, 3.63779811237649, 18.6597573998856, 0.925338618635488, 7.78136629457332, 3.48223885465898, 6.75704432998803, 10.5068280404595, 2.10271567567654, 1.35208894143846, 18.4930943966847, 12.9757326009616, 7.81585529729064, 21.5225665487015, 2.25683150294503, 4.86813654796312, 0.445776450267044, 20.6015343750498, 16.4852913416176]; 
A = [696.306995451575, 1233.21347062768, 984.414062426473, 994.138002164808, 627.83535951694, 1104.54944416347, 1038.92578954951, 1190.71688043737, 794.436773898751, 1085.36383402826, 1314.08558465645, 487.110967209444, 692.997880393982, 675.571323666912, 741.443486768974, 865.596967527725, 531.629871315681, 1111.18078036069, 683.645579629451, 788.998619799049, 586.955374903598, 626.257415806153, 578.071580372491, 902.994147024584, 653.013407332597, 460.803946973923, 590.692825081102, 1013.04179162542, 1064.28808792247, 929.801597187934]; 
B = [716.591774779246, 1240.50411015424, 1021.19164301447, 996.656793808445, 661.28645620954, 1114.98068177942, 1061.63135889524, 1196.44196189172, 797.175601365569, 1089.87483330225, 1330.25051264521, 507.164595791682, 711.86188470521, 705.145226509337, 770.456794821722, 875.586131424365, 543.51506793602, 1126.49102029926, 720.419048566728, 827.999327364093, 619.926262012292, 628.141357312531, 588.124707769744, 909.604489016996, 653.495431868546, 487.956431634379, 623.159654167434, 1039.1211696988, 1067.815934195, 934.039238611902];
